-0.44712,-0.24661,0.9872,-0.14553,-0.46131,-0.91454,-0.97422,-0.96918,-0.80024,0.27275,1
-0.90398,0.81992,-0.2095,-0.40661,0.0021246,-0.12321,-0.882,0.78417,0.98224,-0.72036,-1
0.40731,0.36736,0.86343,-0.432,-0.09671,0.75314,-0.60434,0.14475,-0.19792,-0.17586,-1
-0.62223,0.39563,0.40672,0.78247,-0.67621,-0.46855,-0.16069,0.90328,0.43693,-0.7416,-1
0.82913,-0.62963,-0.41656,0.25508,-0.87122,0.67916,0.7763,0.89472,-0.29219,-0.12729,-1
0.50505,0.61473,0.85983,-0.076392,0.9516,0.14245,-0.29737,-0.73645,0.044034,-0.84239,1
0.51242,0.13419,0.20035,-0.75467,-0.33119,0.94246,0.022785,-0.35917,0.10593,-0.31148,1
0.29099,0.17468,-0.18137,-0.47488,-0.72431,0.42704,-0.093001,0.6913,-0.92214,-0.39991,-1
-0.83919,-0.59627,-0.76698,-0.5897,0.87885,-0.46131,-0.69247,0.3115,-0.16897,0.20963,-1
-0.71745,0.59603,0.55169,-0.66888,-0.51116,0.63097,0.76916,-0.18594,0.16662,-0.36896,1
0.4609,0.051316,0.3912,-0.085732,-0.23695,0.7616,0.3089,-0.0098369,0.66931,0.5238,1
0.97476,0.22604,-0.72124,0.30731,0.45748,-0.083421,-0.48874,0.75453,0.3825,-0.4246,-1
0.39128,0.13983,0.80825,-0.83776,-0.69554,0.50889,0.28126,0.9464,0.47125,-0.8893,1
0.23985,0.19379,-0.97002,-0.54128,-0.9679,-0.82114,0.3897,0.12028,0.12867,-0.99111,1
0.2818,0.25482,0.16248,0.51449,-0.73358,-0.085841,-0.88277,0.5082,0.51351,-0.43522,-1
0.15496,0.3214,-0.74442,0.55277,-0.98249,0.63128,0.19183,0.96626,-0.57071,-0.12096,-1
-0.074263,-0.23294,-0.21968,-0.47492,-0.10293,-0.17166,0.20777,-0.062685,-0.92168,-0.69347,1
-0.047182,0.51903,-0.95919,0.5907,-0.46789,-0.10708,-0.62258,-0.73974,0.058455,0.67972,-1
0.68966,-0.89343,-0.056673,0.8335,-0.44204,0.60592,-0.82407,-0.33986,-0.5088,-0.4505,-1
0.0083174,-0.21042,-0.78737,0.81429,-0.17323,0.86554,-0.25797,-0.30573,0.2302,-0.49325,-1
-0.15816,-0.3123,-0.033261,0.10051,-0.37919,0.98198,0.10853,0.23215,-0.96006,0.82657,-1
0.23929,-0.14703,-0.8218,-0.42913,-0.51017,-0.61072,-0.72968,0.28954,-0.64153,-0.71039,-1
-0.040579,-0.87994,0.51555,-0.051773,0.38086,-0.41568,-0.76515,0.4357,0.48987,-0.35712,1
-0.79673,0.25405,-0.39479,-0.017074,0.48387,0.47869,-0.37537,0.44474,-0.18755,0.06132,-1
-0.6512,0.39173,-0.3315,0.63167,-0.34407,-0.29225,-0.19777,0.96902,-0.59594,-0.80017,-1
0.39197,-0.9185,0.16495,-0.58823,0.052441,0.50832,-0.21677,0.44944,-0.45489,-0.71596,1
-0.61101,-0.43111,-0.76654,-0.87787,0.44014,0.99017,-0.45594,0.83356,-0.90138,0.544,-1
0.54085,0.25127,0.30045,0.46929,-0.56354,-0.63809,-0.12695,-0.81498,0.53153,-0.11533,1
-0.74378,-0.43483,0.14737,0.92515,0.36756,0.021037,0.46902,0.17515,-0.97268,-0.19613,-1
-0.54087,0.16866,0.94954,-0.56326,0.47726,0.8899,-0.91147,-0.23138,0.48962,0.87906,-1
-0.66932,-0.29913,0.17389,-0.38561,0.73388,0.11193,0.96456,-0.53595,0.70861,-0.17059,1
-0.28348,0.14258,-0.27423,0.32476,-0.35736,-0.72861,0.76543,-0.78311,0.57942,0.18361,1
0.83009,0.65679,-0.99848,0.31958,-0.59042,0.76192,-0.39233,-0.80463,-0.82271,-0.28001,-1
-0.76203,0.04478,0.19498,0.16856,-0.51672,0.28001,-0.97548,0.78148,0.11787,-0.18135,-1
0.40146,-0.0714,-0.104,0.76445,0.95451,0.18382,0.23922,0.37708,-0.99685,-0.92212,1
0.72847,-0.18322,0.65673,-0.25782,0.72932,-0.43421,-0.26308,0.75975,-0.15045,-0.86318,1
0.8761,-0.62815,0.96592,-0.68059,0.72759,0.28376,-0.3876,-0.95159,0.89602,0.13787,1
-0.48455,-0.66672,-0.11931,-0.63934,-0.85677,-0.24446,-0.10118,-0.32255,-0.15855,-0.67301,1
-0.69121,0.82176,-0.5667,0.80581,0.81619,-0.048658,-0.1818,0.96053,0.43651,-0.52211,-1
-0.59549,0.38528,-0.81577,0.77253,-0.25076,0.30729,-0.088491,-0.25486,0.082357,0.21039,-1
-0.68437,0.62662,-0.45658,-0.53308,0.52907,-0.03157,-0.88298,-0.66491,0.98882,0.5816,-1
-0.013798,0.48008,-0.71118,-0.91793,-0.69808,0.50812,-0.45502,-0.68561,-0.45628,-0.78852,-1
-0.78957,0.041124,-0.58591,-0.77045,0.53996,0.77214,-0.73518,0.49772,-0.09562,0.45998,-1
0.50328,0.49143,0.54254,0.50235,0.46366,-0.21977,0.99289,-0.93706,0.55375,0.79859,1
-0.5202,-0.94403,0.89709,-0.10045,-0.79032,-0.32828,0.52263,-0.23702,0.18298,0.010497,1
0.58345,0.38943,0.48298,0.92117,0.15825,0.92887,0.99581,-0.45977,0.15544,-0.81294,1
-0.79544,0.51209,-0.65688,-0.62931,-0.63989,0.14377,0.095922,-0.12724,0.85598,-0.42588,-1
-0.01835,-0.3532,-0.082394,-0.97012,0.63913,0.89306,-0.55404,-0.068537,-0.87661,0.58748,-1
-0.033051,0.78959,0.60312,-0.71198,-0.33928,-0.85751,-0.84272,0.70908,-0.36991,-0.62083,-1
0.29146,0.41608,-0.1355,0.75187,0.79169,-0.69736,-0.339,0.024969,0.78758,-0.99489,1
0.89739,-0.36573,-0.30344,0.12882,-0.31008,0.038194,-0.32857,-0.66559,-0.099974,-0.50455,1
0.58555,0.91626,-0.048011,-0.65355,0.39109,-0.37439,-0.32379,-0.63969,0.91525,-0.54121,1
0.49109,0.74943,-0.80332,-0.91218,0.83918,0.8428,0.79138,-0.80464,0.7805,-0.60778,1
0.8872,0.35999,-0.81837,-0.79234,0.53711,-0.99682,0.66515,-0.32181,0.74699,-0.97511,1
-0.51295,0.56448,-0.58329,0.39676,-0.82468,0.65323,-0.13618,-0.38284,0.67548,-0.086929,-1
-0.83701,-0.78482,0.96423,0.22919,-0.43855,-0.8867,-0.21341,-0.65045,-0.21897,-0.21231,1
-0.62448,-0.28544,-0.40386,-0.80001,0.11875,-0.64419,-0.73011,-0.59324,-0.97713,0.70921,-1
0.21677,-0.9324,-0.83673,0.64908,0.38978,-0.8138,-0.68721,0.61919,0.55587,-0.60152,1
0.46253,0.67227,0.89589,-0.54902,0.21843,-0.92343,0.064681,-0.028028,-0.033706,-0.98821,1
-0.85997,0.13662,0.93395,0.53645,0.95211,-0.52735,-0.30866,0.71056,-0.86149,0.11036,-1
0.043563,0.51447,0.29565,0.50121,0.33569,-0.1665,-0.76555,-0.37095,-0.7439,0.40764,-1
0.36855,-0.91987,0.74697,0.30081,0.95216,-0.56926,-0.55006,0.2399,-0.20432,0.075322,1
-0.22972,-0.48022,0.35923,0.44356,-0.44412,-0.96065,0.36576,-0.14007,-0.31568,-0.79195,1
-0.54376,-0.79264,0.050501,-0.98813,-0.57859,-0.30903,-0.92981,0.91868,0.37241,0.25717,-1
0.059116,-0.16094,0.34197,-0.43335,-0.88855,-0.7411,0.31729,-0.30377,0.50917,-0.41061,1
-0.58017,-0.40948,0.082115,-0.029821,-0.88401,-0.029157,-0.28526,-0.74963,0.45465,-0.63636,1
0.11454,-0.57015,0.63031,0.78217,0.14963,-0.12784,0.28367,-0.27571,0.86352,-0.50856,1
0.91071,-0.1163,0.02349,0.51307,-0.61705,0.77121,-0.18838,-0.8784,0.18899,-0.39765,1
0.22347,0.40973,0.85625,-0.88694,0.33926,-0.077829,0.92574,-0.82573,0.60985,-0.56433,1
-0.4942,-0.75029,-0.20681,0.61084,-0.95045,0.61173,-0.21454,0.93413,0.89099,0.95325,-1
-0.61292,0.44194,-0.47112,0.13255,-0.65118,-0.09621,-0.0024753,-0.1785,0.66736,0.17402,-1
-0.094119,-0.4916,-0.14396,-0.90951,-0.58093,-0.52788,-0.93613,-0.45024,-0.056398,-0.66506,1
0.9391,-0.36492,-0.12571,0.44494,0.32235,-0.45549,0.02262,0.96056,-0.63063,-0.71908,1
0.79939,-0.58585,-0.85218,0.57255,0.75015,0.079251,0.096013,0.40469,0.72554,0.73829,1
-0.91739,-0.64572,-0.22671,0.65558,0.47489,0.26036,-0.71871,0.85698,0.039441,0.28767,-1
0.90544,0.64022,-0.45024,-0.70941,0.66699,0.14111,-0.16287,0.74445,-0.96981,0.65129,-1
-0.58788,-0.70661,-0.17508,0.68289,0.63902,0.98626,0.34603,-0.81223,-0.67586,0.77634,-1
-0.83551,-0.79469,-0.08081,-0.4794,-0.59906,-0.50902,0.36621,0.29845,-0.22711,0.96088,-1
-0.59322,0.28591,-0.064896,-0.12133,-0.35245,0.37272,-0.49084,-0.74366,-0.66722,-0.9633,-1
-0.74528,-0.5676,0.27912,-0.12197,-0.47782,0.72119,-0.86103,0.065957,0.79112,0.11001,-1
0.74346,-0.049544,0.43657,0.090865,-0.50792,0.57055,-0.030091,0.023326,0.87311,-0.24468,1
-0.68895,-0.31945,-0.94198,0.40851,0.46164,-0.82416,-0.97671,0.40582,0.0015423,-0.51926,-1
0.047451,-0.16282,-0.43327,0.29269,-0.91237,-0.3083,0.96,-0.83382,-0.25667,0.73986,-1
-0.042347,-0.81605,0.96453,-0.30412,-0.20651,0.2479,0.036388,-0.20884,0.93943,-0.47649,1
-0.62527,-0.7606,0.25563,0.92651,0.11167,-0.38366,0.78968,-0.36779,-0.0338,-0.8218,1
0.70719,0.18525,0.43955,-0.50119,0.10023,-0.29568,0.90193,-0.79396,-0.76026,0.013439,1
-0.25832,-0.79756,-0.54608,0.15702,0.0031672,-0.42474,0.063985,0.67796,-0.30131,0.31181,-1
0.50237,-0.30531,0.9802,0.20743,-0.99171,0.98355,0.35379,0.35104,-0.95331,0.64142,-1
-0.39519,-0.69974,-0.44031,-0.33364,-0.39453,0.036228,0.57745,-0.32499,0.18302,0.13063,1
-0.55513,0.55544,-0.19023,-0.65051,-0.38898,0.60789,0.82825,0.72258,0.85273,0.60697,-1
-0.17041,-0.38061,-0.3137,-0.018934,0.68971,-0.79437,0.12651,-0.49344,-0.75652,-0.78861,1
0.39079,0.75675,0.96415,0.87724,-6.5557e-05,0.15132,0.013381,0.89759,-0.92342,-0.64271,-1
0.30746,-0.62084,-0.82325,-0.10747,-0.3909,-0.047132,-0.30133,-0.2559,0.7727,-0.22012,1
0.82962,-0.98666,-0.74537,0.44501,0.60957,0.65118,-0.3435,-0.35024,-0.6925,-0.42899,1
-0.30117,-0.89537,0.52472,-0.017663,-0.66386,-0.33755,0.60607,-0.66577,0.16782,-0.92397,1
-0.20804,-0.29634,-0.82766,-0.81041,0.030049,-0.38087,0.26686,-0.64867,-0.24571,0.65054,1
0.80525,0.88061,0.97222,-0.79237,0.12707,-0.12134,0.075651,0.51362,-0.19746,-0.38713,1
0.096753,-0.17078,0.057644,-0.41699,-0.025234,0.75542,-0.52763,0.43438,-0.37908,0.41807,-1
-0.87818,0.91666,-0.047459,-0.54983,-0.0045511,-0.19329,0.51432,0.17236,-0.14793,0.9165,-1
-0.42582,-0.84447,0.97668,-0.3168,-0.69299,0.41742,-0.43987,0.18849,-0.51971,0.87408,-1
