1.920936
1.066680
2.460709
9.034916
2.303733
13.497348
8.658661
6.040173
11.243551
13.044850
5.712968
3.612869
0.202448
-0.093654
1.219602
11.772417
11.023777
9.141999
-1.393300
11.470104
7.721821
7.481414
9.566120
7.943252
7.281409
4.495351
8.555178
4.321499
11.110331
11.449839
0.093525
-0.288328
12.501995
-0.636232
9.274292
9.021465
5.095926
8.752696
-0.073579
13.702302
13.056000
6.359653
6.401612
11.012049
9.899880
7.914128
5.099871
1.971404
2.212736
8.790889
5.923014
0.769855
2.553597
3.326463
1.286368
8.666006
7.395916
11.657768
2.735187
11.984488
10.891606
-1.040940
0.019095
5.176322
5.485761
3.604191
-0.665859
3.271941
4.965813
4.043066
4.765999
13.783492
13.856356
8.519738
6.406137
5.988918
7.136037
9.950086
7.895813
-1.000217
15.808434
7.371567
11.559308
1.930815
-0.139367
9.015701
8.160920
0.231019
2.091408
2.256493
11.815378
1.782590
-0.397829
6.817609
0.852634
4.903407
3.681193
8.014338
-2.100570
2.054900
0.332353
-0.744323
-0.216509
7.571597
3.028102
10.645523
3.460589
7.687183
1.210048
-0.039222
1.670963
12.284165
7.964636
14.009094
0.797587
5.147102
0.880749
4.640194
10.870141
2.324132
9.968028
10.013609
13.121390
8.891177
6.749814
0.847120
2.242424
-2.169112
0.180969
12.196351
1.482398
0.448716
4.837771
9.788126
7.390790
1.579250
9.938267
7.377116
8.010412
6.466383
9.987713
1.885651
-0.109269
1.670973
13.737856
8.081756
5.628186
2.119118
-0.270120
6.691334
10.160714
2.844288
10.618884
-0.547170
-0.745290
1.486732
13.591208
6.149427
9.677768
4.663412
9.182922
4.029961
0.491661
13.295393
1.814939
10.857413
7.083258
-0.359807
0.109958
3.170005
13.024158
0.268432
13.414912
5.377623
5.580487
-1.959311
7.273261
5.103418
-0.883231
-0.397427
11.204926
2.280012
-2.280905
-0.960623
0.384170
8.945058
7.134686
-0.171966
1.998674
2.610956
-0.474619
10.930592
9.002136
10.898003
4.082325
-1.151351
3.393708
4.923693
5.571222
8.738877
1.436387
13.584764
8.231609
6.098681
6.923178
0.152790
0.565020
1.463366
8.826018
8.839361
12.578335
6.844019
10.347198
12.633183
-1.417269
4.654340
-0.016165
-2.671789
12.720501
11.833961
0.650899
1.739865
7.767202
4.737774
1.346358
12.063504
0.654993
7.911611
12.551783
13.828218
7.603386
2.319048
11.372306
9.649255
0.251525
10.321253
2.867375
8.211174
11.994036
6.173033
0.332976
9.573670
12.868522
4.229948
6.634245
0.577341
-0.228553
14.486632
2.745298
8.737983
0.248190
6.082148
6.912787
-0.996503
-0.952134
1.650359
3.466263
12.778521
4.382694
10.663030
6.300656
6.520756
10.136758
2.782828
9.367717
-1.953099
0.279857
9.914477
8.771292
2.911689
1.018488
7.738914
6.254770
7.505811
6.823259
13.879743
13.352631
8.446101
0.328932
-0.334849
-1.430456
0.339706
0.685059
5.482193
0.052511
0.217817
10.642960
3.793641
-1.934126
9.055296
2.269011
0.818046
1.187301
12.683739
8.120003
5.940778
11.781356
3.912547
8.662390
-1.548175
7.671207
9.540373
5.690685
2.358821
3.156092
0.956154
4.824135
0.656164
12.263768
3.420848
-1.112925
10.629578
13.329139
2.810507
3.234048
-1.069418
4.235306
0.112364
10.906146
2.414952
4.954888
6.252668
10.982628
-0.344807
5.911738
3.829076
3.663313
12.813258
10.412824
6.494193
14.274255
-1.514040
9.751101
4.800940
6.778503
6.017805
-0.268352
9.512222
-1.237444
4.582083
7.078133
5.750370
2.500450
9.381905
6.252865
3.662801
12.315287
10.260907
11.991208
8.242640
4.778058
2.857713
4.941913
6.205161
0.648163
-1.004874
4.269667
12.149999
0.073918
3.439673
15.068854
11.440057
12.034679
-0.212038
6.214911
13.723573
6.685524
11.602702
12.018743
-2.634960
13.354251
1.365329
12.665718
0.084943
6.434870
3.846291
11.067486
5.928458
7.069203
13.340237
12.349212
-0.399644
12.563317
1.131659
-0.249548
9.248587
9.477804
3.884111
10.141508
6.138553
7.147839
-1.964088
12.185756
8.260412
12.061914
13.113121
3.506552
-1.681401
7.815744
10.476005
12.310418
5.754406
10.217036
3.864111
-3.450791
4.754533
13.545274
7.771609
11.106650
0.766671
5.305767
14.396221
5.969548
2.430757
3.421759
14.204120
13.865920
8.477698
11.154173
0.370146
4.811294
8.842896
9.896908
0.895451
14.487581
-0.488874
10.233626
12.724657
9.078597
3.516103
9.493365
1.296954
6.933790
0.886306
14.584679
3.523335
5.944448
11.309307
6.312050
8.882726
6.488430
3.658547
8.156593
2.643772
-0.481957
3.292920
1.785210
5.811224
6.842245
4.601769
9.842474
6.389628
6.067633
7.381877
1.820233
6.778144
7.667580
10.063520
1.396765
2.190816
4.862115
9.155309
12.553093
4.358105
4.356931
8.986617
0.735831
9.368619
9.058022
11.249450
0.281695
1.056233
12.506651
7.831165
13.032252
8.257336
-0.189090
10.356678
2.708653
8.451236
0.607932
2.069642
15.731723
3.532629
0.480690
5.923837
6.493582
4.635185
9.139922
1.345185
12.398206
8.992772
2.390038
3.659730
9.081040
8.292313
10.275436
12.886048
-0.328218
6.556800
7.200152
6.820548
3.487140
7.603183
6.531439
2.364196
6.375640
1.823173
12.024842
5.641426
6.985782
9.145904
13.004387
7.482623
-0.175368
-0.305609
0.006048
-1.064260
6.986102
9.671137
13.570527
2.659299
0.915123
11.515825
9.709759
8.302474
10.755814
13.623299
1.724743
5.340871
3.063491
10.765276
7.112992
-1.111404
7.563934
4.370735
2.807192
-0.328286
2.870131
-0.864457
10.586747
-0.120257
1.875520
2.404960
11.065188
7.650933
3.155011
0.193793
0.995069
7.682741
4.052416
7.606095
3.239944
-0.192117
6.569639
3.468047
5.165394
6.064722
11.593902
4.496195
4.885565
1.632709
0.736944
10.636090
3.725797
12.564844
12.028457
5.369180
8.486422
2.562666
14.108360
1.112589
0.538791
4.781079
-0.175528
13.749788
14.558610
1.327042
3.062830
2.577849
3.480649
4.338491
3.302473
1.096360
7.272307
5.500453
2.876664
2.656984
11.787355
3.989053
3.612255
10.127086
8.153072
3.975305
10.933074
12.103376
9.538513
2.181484
5.430497
5.578114
12.919752
5.580235
-0.758519
11.859318
7.651584
-2.894173
15.822959
8.979357
1.497420
4.379398
10.282338
-1.387362
9.675048
12.447812
11.761735
14.362121
3.450894
-1.344766
6.775617
-0.433474
10.218693
11.396146
0.768028
12.855036
12.832675
7.508262
7.296181
14.369940
8.889922
8.622709
8.665031
3.521489
0.403071
0.996506
11.878716
2.385928
7.580080
6.022468
6.549884
9.475476
5.369763
6.275024
11.711516
9.550781
9.130169
0.636464
11.597947
3.361989
1.761645
1.261477
3.954489
9.509957
-0.448863
0.782513
3.021717
10.436946
3.328489
3.104596
2.407430
1.661446
6.983222
4.766978
-0.231689
-1.105754
5.342849
-0.007091
11.013469
4.393706
8.949271
8.995189
8.701292
3.012320
6.572028
2.135535
11.172706
12.269872
11.645920
10.812865
10.814346
7.854380
3.683938
7.925742
5.107129
8.628601
10.614685
7.013298
0.509102
4.030314
8.682012
11.133736
-3.670987
7.034401
15.974867
0.113835
13.092853
8.776374
8.370781
10.401782
7.946920
3.943445
5.669646
11.180920
4.807986
-1.512226
-0.954790
4.115584
8.509305
3.628211
-1.898979
-1.392050
10.434180
4.316437
-1.707813
10.314223
0.356798
9.163465
-1.303645
6.882912
0.172617
7.724249
1.503973
5.981861
3.562909
12.036209
-0.730889
6.927825
4.328909
-0.436743
0.396246
-1.963008
8.471110
7.752273
14.527364
11.729682
0.657682
-2.087518
10.516225
4.017912
3.310509
4.986785
9.721005
12.087084
9.681952
1.969350
9.167254
2.115047
11.817380
13.410040
2.978993
4.375571
9.122721
7.474042
4.653035
11.303602
6.782722
1.940221
3.685186
-0.596599
6.475592
0.417875
2.342339
3.932299
8.435979
10.372904
2.938538
7.947970
8.767904
1.501534
10.002520
0.573309
7.499065
-1.128553
8.968628
12.008260
10.462763
-1.750789
9.690619
-0.100786
-0.408421
8.611664
13.997119
3.547489
1.999414
12.540745
4.543076
2.567947
2.018589
0.013273
9.194326
10.939226
12.771501
7.251440
8.023226
0.330446
12.729512
0.505183
5.117969
7.473702
10.935419
1.164500
3.695591
2.026519
14.271994
11.117073
7.485500
0.582931
1.389548
8.894973
6.564586
3.438500
-0.195933
9.055519
0.728225
-1.360841
7.219159
1.369694
12.936642
2.914365
13.538202
7.729635
-3.385890
1.232657
-0.961063
13.528025
1.348757
10.303387
-2.038168
-0.130902
1.278050
3.722850
10.613265
1.375086
4.120365
12.271170
12.380010
11.935705
9.453767
4.947327
3.050941
4.157207
8.080696
4.989546
12.387765
9.510517
0.753961
4.003518
5.349115
4.074583
11.133987
0.356888
2.315486
11.853846
8.342210
0.904189
9.220066
2.301181
11.376640
12.813871
8.368270
4.013555
2.878229
2.402547
11.188362
5.324850
10.691095
1.302436
5.972016
11.645693
6.299029
-0.569030
2.101416
0.898692
4.029147
11.810791
2.608511
2.709112
11.629879
4.826442
-1.060032
7.581553
12.899333
0.951559
10.320516
8.031686
4.781364
8.866020
4.783876
4.325255
4.872391
12.731549
0.919710
2.751104
3.667987
0.474543
13.371071
-1.438245
1.810091
6.593918
11.424719
-1.493952
5.141297
4.014613
9.576551
11.374550
3.450043
13.333211
10.744963
2.490724
8.784159
6.158894
12.948074
9.503495
11.618629
13.305765
4.581141
13.560247
11.305900
13.598445
11.735522
-2.065476
-2.184284
5.499670
2.442971
5.573352
4.386232
0.519921
3.795575
12.900757
1.801305
6.547293
3.221560
13.281266
10.114321
7.513175
4.529750
7.166080
10.935724
4.899257
-2.487583
3.340743
12.640107
9.899585
10.735618
12.062946
9.022854
0.764137
-0.849961
5.840063
5.001124
5.301403
2.330308
12.963007
9.019547
7.849301
4.070827
8.641933
-0.506988
12.705817
7.174464
12.013680
9.880734
8.240710
4.604414
9.241915
-0.170037
7.839225
1.256335
9.530809
7.942212
4.678346
8.890101
9.561188
13.354347
3.983869
11.784928
2.623422
-2.364162
0.595337
11.020371
4.646505
4.627504
13.233268
12.129617
12.005667
11.592802
12.817164
7.951027
11.604521
4.591500
10.822829
1.797206
13.004011
3.551836
7.773424
2.371404
-0.790706
2.178388
-0.586035
11.237530
7.029966
