9.930115
2.696052
0.829605
6.261844
7.183495
2.811000
-0.905479
4.289264
8.067267
-1.266944
7.505296
5.640180
1.425626
3.919979
8.108837
1.817319
8.947712
3.508282
3.383052
13.079474
-0.513588
14.105781
9.888263
12.299415
5.190653
10.034260
10.115781
4.413216
2.932313
9.912153
4.114936
8.731167
8.968262
4.323576
10.047466
8.753910
5.162095
0.260141
14.281629
7.205302
8.858995
-1.227010
4.677044
11.581713
2.378283
5.882968
3.620793
3.854775
8.391443
12.217921
12.291422
3.404371
3.906250
14.244161
4.600454
12.263703
6.373667
13.823923
2.624541
13.411975
0.686082
4.241198
11.845011
0.512307
8.488576
10.890021
5.000710
11.567961
4.351746
4.431676
1.238452
9.877727
8.693141
0.806292
0.899479
9.563096
3.311476
2.217718
7.921810
7.208834
6.725571
7.961001
8.453408
13.053349
4.530070
6.095578
10.939583
5.834481
6.219338
5.313909
-2.665022
12.727948
6.122722
3.306235
8.589594
8.765971
0.193295
6.636260
11.680693
10.823616
3.688038
9.153542
-0.579690
6.633230
4.582658
13.735603
5.385971
7.111638
8.851468
11.902524
0.275528
4.083860
12.254826
3.685265
2.748412
9.109238
9.694212
4.294337
9.837958
-0.097818
5.540036
11.691810
-2.974990
9.878655
12.772493
10.048731
-1.867975
7.346696
6.367254
6.755960
9.872454
9.175533
-1.078834
-1.558739
4.819718
7.710939
4.701110
0.859969
13.256910
-1.231160
7.153038
3.609655
6.115365
5.770031
6.719924
5.141829
7.060297
8.093417
1.874108
6.897719
11.769390
8.108706
4.734519
10.791756
4.464488
-0.856521
4.159239
7.475651
3.734679
-0.765948
3.101125
4.010716
3.014398
9.553275
2.300727
1.631720
0.961859
9.578302
9.588030
3.205961
2.605564
9.873357
10.375308
2.960094
7.270184
6.780992
0.295053
3.513783
1.174804
11.179336
8.776348
12.464627
-0.887285
14.392975
6.289264
5.877626
4.262947
7.835383
3.281192
4.793532
8.491435
-1.522317
6.214534
13.320556
8.304079
14.889166
10.673258
10.924418
5.607143
5.245843
6.416503
9.262582
2.100009
1.170839
3.132523
1.142864
6.675326
6.557937
5.691613
3.025416
7.062942
-1.116583
13.122090
-1.248923
8.538399
4.099796
4.085193
9.956135
2.486356
12.260645
11.130092
3.467378
11.816503
4.485454
12.942296
-3.072762
6.350811
-1.578311
7.513238
0.056290
12.396047
4.011990
8.571505
8.247570
7.927170
5.508020
7.378023
7.328518
7.839336
8.794532
-0.678477
3.464653
1.680927
4.647939
-0.882636
2.543155
12.597998
5.269992
6.114423
3.365862
0.759042
6.777827
-2.008060
2.824456
4.898132
4.633402
15.245528
1.069530
13.345913
10.044888
10.627415
1.375306
6.154423
1.890396
2.923682
8.593059
2.738298
6.669585
4.815187
8.366283
8.641052
10.988839
1.148703
8.276498
6.600216
3.858074
5.952909
0.985477
2.468490
9.089139
12.566801
8.147699
6.213745
9.003275
8.635558
6.541169
6.944825
3.416056
7.627735
2.931441
8.431155
7.724475
9.475914
6.304356
5.275323
8.734280
13.992610
11.758610
4.461606
3.296035
6.836782
5.366421
7.337687
3.608553
4.274395
0.758267
2.434061
13.636544
3.928320
8.982458
2.001501
3.484819
5.110386
13.224425
7.863237
7.768954
9.507643
7.427047
2.763578
10.244960
3.575732
5.125508
12.610435
7.512077
4.151172
9.154659
6.679931
6.557782
4.756685
2.974686
8.156792
5.351644
7.502325
14.742189
7.473735
4.909673
12.229060
5.112371
1.597409
7.370143
8.324323
8.498895
9.521232
9.729100
4.469685
2.261985
4.059458
2.732113
13.303119
-1.091355
3.153268
9.670722
7.709701
7.894196
0.796151
11.284611
7.272046
3.397286
3.531079
5.824300
12.550254
6.565695
-1.255322
8.532268
8.118996
8.706455
12.432218
3.470604
12.496132
2.773671
11.660378
8.113077
8.901134
5.073090
8.336024
11.736938
1.225684
3.491260
11.597125
8.166852
6.514448
4.172735
8.191327
12.095492
9.462404
1.666094
1.767334
7.304663
8.362517
0.898204
7.351461
8.726117
7.964209
13.278386
10.968394
6.572285
6.939922
10.568487
13.433928
13.298829
8.620399
-1.623838
9.785763
1.774515
14.876758
11.393371
1.216486
5.236733
5.740574
3.502494
14.979106
6.450850
7.789609
8.154657
9.242556
7.837836
6.302816
9.476588
7.635051
11.517321
-0.694737
-0.722818
4.745014
12.771548
5.528150
3.510886
7.467343
3.842856
7.007371
10.377383
3.828457
8.572284
9.222562
7.775679
5.785727
6.552588
11.105816
11.941789
9.953789
2.673575
3.481806
9.891861
12.724375
0.122928
12.603182
9.268678
8.681918
6.233261
8.007136
10.395853
14.185925
2.652445
4.254186
7.886623
7.298422
7.483019
4.178686
-0.746438
11.155437
13.514664
13.745883
8.374583
6.719397
7.808137
8.402491
4.390099
9.669494
8.814422
5.518583
4.589847
13.038989
4.692824
7.860911
12.076925
9.689533
7.522343
6.686667
2.049533
10.999631
9.103360
10.154237
4.089812
-0.760646
12.996515
6.762311
8.227082
6.526584
4.433716
8.366491
-2.811143
7.318363
8.650625
6.563668
10.254454
5.789577
8.329976
5.394380
8.946805
14.613499
2.181043
5.544156
1.343891
0.103583
6.671070
5.451791
2.724699
8.491284
-0.222683
5.192605
11.156840
10.510681
5.132564
2.293862
7.128792
7.297837
3.726206
11.023203
12.384251
3.463131
5.624816
10.275918
12.174558
3.869638
5.790695
10.342041
7.055736
3.939874
-0.178681
9.068531
3.364942
7.624352
12.870058
-1.899980
12.736861
9.193832
0.237239
5.257679
11.824558
9.876896
-1.993073
3.255220
1.596125
-0.547911
-0.752543
3.462619
7.294156
11.025976
11.209328
9.272823
5.086721
4.054897
9.435284
9.980957
10.524686
10.727580
3.153853
5.313621
6.370526
7.887415
8.821912
7.887542
3.093987
-0.187904
8.037896
6.016251
9.902986
4.093886
5.741124
1.208019
11.894934
1.142772
7.793618
8.818513
11.335326
-0.927140
1.527006
4.370720
5.262673
13.031981
5.349165
5.634351
3.206873
5.663562
7.084779
2.698714
5.314670
6.801973
3.632521
8.421857
9.608278
7.358806
10.718676
8.713754
-2.617905
3.226592
4.268876
7.715793
3.549141
12.064547
13.371361
8.960300
9.602482
4.591873
4.350062
-1.312280
9.327354
4.576697
11.186990
10.907296
3.285948
6.101610
7.764673
8.181118
12.317279
2.784752
8.722497
3.147327
7.376591
9.831221
3.895348
3.478188
12.166888
11.780354
14.240701
6.193337
3.857959
5.275846
5.359513
1.887306
14.117995
12.750964
7.415794
5.236465
12.426115
10.551148
6.584180
4.807264
9.379124
-1.007366
0.939269
9.238578
10.789465
0.041596
1.167794
3.318428
12.185045
0.193577
2.790284
14.162288
2.756057
9.419109
-1.245451
-0.583052
10.242141
10.357747
13.492849
3.227235
3.092921
7.942648
10.850419
8.576364
7.496893
8.867424
6.575543
1.085939
10.355190
14.184120
8.886792
3.995126
1.079905
4.171759
7.628949
10.992337
1.261837
4.641383
12.627984
6.609353
5.112517
2.502333
13.084568
9.492941
3.782524
13.826028
5.970921
4.381307
4.358056
5.478606
10.663893
9.961853
10.970111
2.982966
0.663072
6.713663
7.774541
-0.311229
9.852447
3.558388
7.561339
5.104579
5.390670
1.350535
1.586576
12.402931
1.047700
14.992949
5.377609
6.463211
4.681032
10.472419
13.576946
3.983231
3.468835
6.086091
11.892431
4.439613
6.768865
7.228283
3.580875
0.822483
4.263899
3.471638
8.074963
9.458517
5.765873
2.954978
8.260096
11.434459
5.054306
4.390755
6.452112
8.092432
5.006058
7.044463
5.936130
7.740265
7.787416
4.215252
8.221796
14.117381
5.171526
6.049509
7.559979
6.705374
6.541099
12.763872
6.900639
-1.239726
6.125741
10.599889
11.404656
6.509970
8.040205
8.744538
7.364308
11.360437
7.336862
11.062217
5.000344
7.927174
9.412381
4.162353
1.905575
11.515961
4.127133
10.067373
-1.223160
6.869190
7.987774
4.092696
11.212368
8.212132
2.096305
0.700449
8.497117
1.005177
5.488342
2.615740
-0.240908
3.709267
7.711169
2.801527
3.156911
6.375144
9.378089
6.521219
9.590366
4.151333
11.781966
10.596936
8.088617
11.591844
6.847110
7.250563
7.986216
6.118877
5.674951
3.659199
10.551782
5.002793
7.346392
11.804033
4.407185
13.091759
-0.990803
10.402090
10.832251
2.893190
13.091904
4.156711
2.317842
5.684554
4.783837
4.735400
8.466502
1.136720
12.224610
6.924324
7.767752
0.487793
9.223706
8.652161
9.716219
7.376930
7.154501
8.765095
7.686614
8.648785
7.440816
13.003352
-0.474256
9.367539
2.887475
6.190066
1.471438
10.105415
12.681891
3.745231
8.094607
12.355273
5.794729
1.804689
8.065863
10.351684
8.357727
2.199820
13.279209
6.408394
3.379024
6.855666
-2.166873
7.770442
5.789067
9.102156
3.326698
4.494585
8.516485
1.233697
4.097073
10.434331
0.585404
10.002869
6.783879
6.313784
9.658942
13.792298
5.240031
11.261701
0.173201
6.553367
12.005350
11.229515
10.902527
2.883003
8.650912
6.554568
1.379359
2.134721
8.878363
13.050704
11.167028
11.440546
3.454294
9.383291
2.903888
6.821988
-1.816208
7.104580
7.602091
6.072673
11.450494
6.745507
9.073481
5.455621
12.282503
13.520514
7.598740
13.326234
11.498122
13.151411
8.426170
8.024522
9.911241
3.337611
11.800611
5.620198
9.841787
12.275150
12.823977
0.049929
4.003078
11.954887
8.117570
6.611270
13.617272
0.530994
1.062908
11.180577
5.542079
2.156154
5.279826
10.448697
10.220688
-0.070942
12.397013
4.217907
7.279504
4.609074
4.391054
9.068717
3.940806
4.904547
7.656687
-1.452238
-0.406197
10.289365
4.763973
11.407011
6.586350
7.227117
8.490041
6.622088
3.137287
4.875009
1.068916
6.969001
4.123720
10.478292
4.110130
5.451439
8.924473
2.751572
6.047846
1.831197
9.069018
9.197686
1.147695
2.771390
1.232485
7.751118
-0.368147
10.870227
6.511771
6.914283
4.198319
4.028797
7.400348
5.286015
5.240915
4.178842
9.029378
0.825140
12.187794
0.316885
6.833874
12.507849
12.519471
-0.830112
10.067412
11.053231
2.304485
9.591675
5.614897
11.181629
3.557708
3.963092
7.919495
15.520591
13.535416
6.899915
2.535926
3.547993
4.116798
8.685642
3.557698
7.790293
9.212582
3.650171
7.548815
3.782990
1.051025
