-0.487439
5.797036
-0.330321
4.810790
4.045394
1.445043
1.460021
3.401606
1.607093
4.279721
1.439142
1.402869
4.087772
5.958191
5.286439
5.366933
4.682497
1.677153
1.143802
5.332001
0.083466
1.377762
0.477541
6.510645
5.348167
3.935810
3.257742
3.730759
4.179840
3.845186
-1.459069
4.931411
1.736189
2.706108
4.123482
8.530027
6.849098
6.262220
4.342962
2.345562
1.086081
0.867360
4.912547
7.437971
4.147750
3.343237
6.912850
5.646639
1.763563
2.352810
1.250859
2.755066
0.218718
2.175017
4.313985
0.388750
5.825512
1.216961
4.557701
6.467940
3.183868
4.309972
2.739589
0.585732
0.715799
5.633711
0.052453
2.432143
2.490834
3.796498
-2.668182
5.420716
2.507123
4.993797
6.437706
7.726947
5.864991
4.862030
2.869807
5.725797
5.517653
1.188052
2.583584
2.653399
5.666668
1.107969
2.175509
-1.142335
5.376193
1.737468
2.392948
2.420451
3.098380
0.711852
1.145641
6.276576
1.349244
2.336238
1.324364
6.161424
2.672243
1.905680
-0.926319
3.908712
3.582427
1.399392
7.597611
3.609309
4.386986
2.579421
4.624986
4.501739
5.976449
0.797492
3.665192
4.001020
3.746940
2.631024
3.774460
0.069424
5.029813
4.011427
3.050583
7.449965
6.121084
2.361542
4.283066
8.076484
7.157292
1.020006
5.413829
1.672308
0.734938
3.105120
9.445737
3.140296
2.660175
6.425673
2.682708
6.812580
1.082926
5.568912
6.908757
6.088642
5.491264
1.446024
3.041588
3.161794
8.553867
4.735415
2.709985
4.270356
4.201762
2.788198
5.406917
-1.528182
0.321382
2.093755
4.179513
4.245412
3.439220
2.627270
3.274129
-1.904021
4.732674
3.668366
3.694193
2.644395
0.301609
6.119737
4.839542
1.579199
1.011451
8.812205
2.420066
6.173891
5.479481
3.410030
0.958294
3.928706
1.558729
4.626026
3.467164
5.546891
2.460892
-0.006884
3.367613
3.623295
5.961204
0.830413
1.288569
4.958300
6.029872
0.187778
2.088571
2.587051
2.544464
2.411121
3.986489
5.573275
-0.425048
2.136688
2.108910
1.122885
4.163739
-0.448678
2.499270
2.492887
7.767469
5.700297
1.097583
4.388881
1.505708
2.727521
4.727001
5.805587
1.436121
2.931034
3.476173
4.469439
-2.306704
5.996033
6.244906
7.904979
1.633423
6.933300
1.674913
3.217645
0.836034
3.397684
2.554699
3.435444
9.238994
7.317315
5.983307
3.827877
5.821355
3.629865
6.642979
4.799737
3.451288
9.127813
1.964758
2.278920
7.292945
3.976150
2.727340
3.774542
2.439085
0.749332
4.915502
2.635449
1.700788
4.529588
2.692187
-0.050045
3.048748
1.590828
3.437721
1.443154
5.299245
2.480715
5.068581
7.935044
2.783347
-0.632722
5.230350
3.321079
6.535433
1.511575
7.283781
5.606890
0.224150
4.542227
6.538058
3.768061
6.198694
3.380679
3.597797
5.392767
4.494374
2.818103
2.769788
9.995642
4.608745
-2.917396
1.195481
2.599792
1.492258
-2.840438
1.789144
5.532172
4.593860
6.718971
6.174428
2.867143
2.592772
4.548643
8.512035
-0.254280
0.378522
5.810621
3.013501
2.608488
4.011722
3.258763
5.304619
2.917701
7.172997
-0.190489
2.642050
-2.241007
-0.648685
-0.602320
5.709920
6.207629
2.954662
2.851476
5.393668
2.575980
5.337357
4.059617
4.172681
3.468519
5.810970
3.705502
0.176490
4.142323
1.003582
7.062749
7.598801
5.854273
5.504886
5.348473
5.414752
4.244373
8.385387
0.651919
6.368125
0.522480
8.015415
4.996077
1.025118
0.678861
1.524405
-0.169978
4.407685
1.945486
3.974351
2.148544
3.753585
5.680778
3.062528
1.319193
1.147588
-0.195636
3.566646
1.836305
4.267243
3.031066
5.178507
1.345634
2.816631
4.020900
5.431323
2.941534
4.337467
5.206015
5.700276
5.033224
-1.263150
2.763352
0.376852
6.262569
4.468143
5.344525
4.536579
7.530315
4.225547
4.521266
0.693075
-1.437476
3.351105
3.411694
2.448676
2.214919
4.691557
7.353204
2.947431
5.099130
5.810902
-1.846297
2.286463
3.542302
6.672888
1.196221
2.868935
1.263048
0.718799
-2.581533
3.454913
5.697996
0.854297
0.302800
7.535255
-1.301494
3.174083
6.866555
4.037767
1.440782
1.492844
3.703326
1.435876
1.817507
2.735693
3.222981
5.587522
6.007569
0.164670
6.843516
2.481102
1.697750
2.121639
4.403069
2.236696
5.999403
3.506700
3.713713
4.783885
7.335965
4.328125
3.805627
-0.531640
3.541926
5.992686
0.695057
5.417553
2.555133
1.969245
6.409151
2.849545
5.432221
5.611766
3.044374
3.095489
3.439756
2.475912
0.816639
2.521666
3.362773
1.816736
6.420763
5.549001
0.518317
4.918726
3.358775
5.074522
2.766104
4.698496
2.480785
3.839804
4.743527
4.106967
3.104494
-1.115368
3.597064
7.127493
4.987737
1.476095
1.850051
3.180567
6.252792
3.504924
2.443090
7.360325
5.526571
5.904901
3.477080
2.599392
2.782727
1.660190
0.204046
2.515712
4.819793
6.919182
4.390615
2.479660
3.175844
-0.359401
-4.235787
1.340848
7.364379
1.257250
3.293927
7.853577
5.707981
1.547855
5.587896
3.925952
3.447462
4.554186
3.412827
4.415363
3.164830
0.545014
4.947368
3.718545
5.446697
4.725742
8.065740
3.415437
4.895040
6.056030
0.202816
3.852545
6.503042
0.756721
1.476256
5.256939
1.334359
4.304745
1.577537
3.101419
0.541537
1.774564
5.769562
3.120855
4.115270
5.021719
4.701633
1.026084
5.100249
3.530655
2.973402
4.801229
6.491233
-0.107055
2.423971
5.053248
5.118653
5.444154
-0.352635
5.534977
2.330904
3.603901
7.689428
3.496220
0.128220
2.333981
0.200717
2.856520
2.948232
-0.297665
5.041632
5.280717
5.765792
4.183010
-0.765433
2.858693
3.867275
3.421325
0.120973
3.844999
4.707660
-2.615845
7.006057
4.624774
0.646012
1.293910
-2.569872
1.427308
5.129280
7.519962
-0.260205
3.120957
-0.922188
1.825857
4.334931
3.371265
3.098541
4.777582
4.312821
2.572435
1.718568
4.666452
-0.047038
3.935764
7.046675
4.476560
6.559444
2.821332
4.250673
1.417041
2.949908
2.325996
0.667941
3.691467
0.999129
2.894678
4.308882
1.168773
4.880535
5.235352
2.422481
1.767022
0.904053
8.052998
2.458485
4.401931
0.147693
-0.072099
2.457641
3.249704
4.885476
1.550446
5.214755
4.467958
2.101720
2.990720
3.712154
5.827285
4.895773
4.685300
5.507803
4.045781
1.095177
1.580364
1.016832
3.692665
-3.615994
2.316734
2.229740
3.475792
6.500937
5.432230
3.165866
-0.417580
0.190118
1.955898
7.796058
5.658227
5.582030
2.573347
4.541813
-0.231716
1.154797
6.193352
2.265012
6.093127
4.969369
1.355828
3.108663
0.935880
4.543916
8.496744
3.519541
-0.431004
5.146831
1.023566
0.331788
5.649417
6.031998
2.448953
5.083741
2.928192
3.799447
1.757523
3.812122
-1.013266
8.252554
2.738423
4.450160
1.881302
6.305140
3.052083
5.559996
3.281083
0.698911
3.547550
1.150927
3.673978
4.252134
2.552283
4.616301
4.696186
6.255607
4.394266
0.455373
2.784252
8.830872
5.970066
2.095093
2.234761
3.200275
4.742440
3.188132
7.004331
5.946964
4.395522
4.648273
0.123853
1.906802
3.183953
3.103921
8.441596
4.369799
2.781854
3.688032
6.338029
0.497164
7.446628
5.140114
2.401863
2.202013
6.312041
2.047159
4.836479
1.943012
4.701183
4.991813
2.540696
-1.040856
3.612839
4.490414
3.826874
5.125384
0.411302
2.750054
-0.654227
4.964624
1.214914
0.481763
3.449324
1.384083
8.923623
4.038776
3.931105
3.855301
-2.891804
3.043955
3.809369
1.687755
4.035336
-1.430497
3.704479
3.296453
5.154705
2.550414
5.785045
1.547998
1.748500
1.708555
4.227052
0.390078
5.878045
7.335780
1.456005
3.087682
3.484282
4.218688
3.095989
6.738081
2.639031
3.565983
4.623143
0.222138
6.664830
3.803718
4.981534
2.957829
0.662076
5.040996
4.061844
4.389960
1.046261
3.755089
2.254603
1.288660
3.440316
2.267930
6.641403
2.005131
3.162539
4.329947
1.345753
1.854785
7.975822
5.791256
1.463110
2.436567
7.235890
7.122418
-0.027389
2.083536
1.436831
4.815959
0.468462
3.681549
4.311495
-1.117623
4.092729
-0.797198
6.410526
0.259967
-0.616393
3.963714
4.378013
5.155250
3.989678
4.821756
4.233001
2.702988
3.074780
0.173831
2.829004
0.921183
7.176834
3.644599
4.055327
3.667067
3.674364
5.597269
-0.098178
2.322331
0.135394
1.814269
5.276936
-0.319734
1.907032
4.472727
2.986587
5.202363
3.395443
2.029536
3.994472
5.455228
6.312199
-0.244644
3.432137
4.613409
4.112750
5.876160
3.273829
7.102750
5.727806
5.100886
4.799068
5.967001
7.350291
5.336928
2.994781
4.176557
0.584932
3.187175
4.564132
4.128355
0.430630
4.531840
4.111051
2.287087
2.877442
1.628067
3.517297
3.748765
6.959713
2.672712
4.977908
2.668991
3.383440
-0.657451
2.451495
1.015663
2.257380
4.275160
-2.138626
0.991456
7.810306
2.344182
2.427107
2.857044
3.415485
4.327461
-1.444426
2.868514
2.667453
3.129559
9.287644
4.696657
0.747235
-0.583346
5.174024
3.587579
7.701795
5.322145
1.729678
0.171278
5.103381
1.251247
-1.846944
3.823118
4.899858
-0.121171
4.596128
1.576261
0.806491
6.583061
2.193435
-1.665759
2.970119
2.539077
-2.091520
3.734259
0.286520
3.649563
3.234612
3.601483
0.274090
4.481015
-0.664049
1.985305
2.665736
1.783956
3.811524
3.393982
1.320445
-0.030332
3.262168
1.295295
3.562973
1.390227
6.616429
2.558520
3.658471
0.278492
3.697547
4.261868
0.776179
2.973177
-0.978269
0.188765
1.808608
2.296633
2.071329
0.892901
2.796313
4.678676
8.165655
4.259501
3.733939
3.215928
2.887692
3.082008
6.686427
7.053694
4.849023
1.589550
4.531176
3.094775
3.866874
7.219514
4.755140
4.793844
0.940065
1.670034
3.567462
0.315303
6.915329
1.175199
4.179208
8.063723
1.238937
2.664808
3.758797
4.935248
3.793842
2.583744
7.080536
3.015572
-0.772260
4.742717
0.954785
3.060877
7.638656
3.558916
2.154329
3.403273
-0.181117
5.001325
5.981751
5.582993
0.986154
7.205508
5.563524
2.056702
2.290708
-0.144589
0.853828
2.845135
6.644716
-0.494871
