-0.941635
3.801239
3.508207
5.707506
4.113129
6.446714
7.977334
2.032744
8.093579
2.387975
4.264470
3.563157
-1.245570
4.862936
0.213561
3.374031
1.264767
1.262638
5.120396
4.155734
-1.847836
-2.121974
0.923827
9.954266
4.396730
3.917164
3.466173
1.184668
2.546082
5.728282
3.333878
0.087982
3.934006
-1.395360
5.048188
4.965297
4.672393
7.829124
1.705783
-0.104973
5.393435
4.982725
3.537694
0.397184
2.014063
4.575085
-1.938619
1.159510
7.851115
0.068591
1.474496
1.189278
-1.442739
5.595888
1.550331
-3.393565
1.274127
4.581378
5.304964
6.819867
6.718101
-1.963692
4.896233
-2.558869
6.814008
4.226108
-1.452768
3.142064
-1.653362
1.533691
6.780940
0.546943
3.709268
6.914826
1.801404
4.320500
4.714147
7.035185
8.769204
6.820308
1.485574
-0.530107
7.048886
2.652887
-1.648300
0.213465
2.230360
5.402417
4.544894
3.243880
1.154847
0.998610
1.154793
2.098041
6.812283
0.747100
-0.575908
6.372213
7.033771
-0.351752
6.087916
-0.322738
5.638105
0.388190
3.855540
-1.363755
1.272577
1.819325
2.571820
-1.288960
0.691049
0.327482
5.751819
4.663562
-2.567591
4.862044
1.539240
3.417718
1.100932
7.039746
0.771377
0.370383
1.957927
-1.789143
5.298854
5.656793
4.334429
3.434532
1.369763
0.994018
5.543035
3.761371
1.897201
-0.162588
3.794339
8.016648
6.762370
4.446423
3.962091
3.122952
9.642072
0.483369
-1.938662
0.654211
0.764715
3.395423
2.712354
2.564624
6.174374
6.313569
3.869670
4.006111
-0.151859
5.429635
3.693809
4.717560
3.214947
2.538646
7.389091
4.617262
6.025794
6.487767
3.665392
7.287632
7.062129
6.444378
3.698889
3.553288
2.369830
6.229133
3.638906
7.641459
-1.361830
2.573467
3.965427
2.040639
2.512538
7.756311
0.392893
7.621837
-2.641869
4.532501
2.711660
2.776573
-1.754379
-1.500659
1.495637
5.156229
0.337721
4.611216
5.745520
4.856995
4.553910
1.690961
-1.601504
5.920495
3.109004
8.350759
5.469834
0.057202
3.462075
3.195193
4.977859
3.677545
4.440255
-0.818346
1.739621
5.965111
5.543140
-0.601627
1.925841
2.571987
3.166998
5.302588
3.593187
3.369069
5.108447
0.751244
6.938356
3.948618
-0.565205
2.381127
5.642647
6.071276
3.956684
3.470671
1.965363
3.873268
-1.794125
5.007559
1.482885
4.296974
3.858994
0.458722
4.581904
6.974207
2.823780
-0.576532
4.864934
6.074658
0.904210
-0.050425
4.608762
5.996670
4.159062
2.480640
0.940791
-0.740583
-0.043221
6.390154
6.033491
6.226926
4.050338
1.136763
5.920400
3.107005
-2.290081
1.813028
2.039522
-1.640172
4.186343
8.223723
5.046247
-0.860399
7.225044
-0.696929
3.125274
4.441943
5.098786
2.882484
3.129859
3.868017
1.068641
3.931951
7.098474
4.025871
3.987990
4.079400
-0.168111
0.273741
3.103824
3.557638
0.739399
7.893701
3.590163
-1.087017
3.775635
-1.198793
7.989123
1.705430
0.512445
2.916264
-0.866504
1.157138
5.771525
3.574504
3.656658
2.136123
8.749702
1.555087
-0.314910
0.959538
4.371461
-1.603030
3.780188
6.144331
0.459836
-0.057150
2.640255
5.546254
-1.730050
0.286149
1.029269
2.140015
2.692041
0.561511
2.995048
1.026508
4.280220
3.779288
5.331223
0.473141
2.117989
-0.749413
0.995778
1.142232
0.117934
2.795575
5.402881
1.764911
3.739919
1.544565
2.916634
3.816950
0.495015
1.512440
1.436159
1.169007
0.236002
0.097582
0.643716
4.027620
6.873464
3.413700
5.304215
0.628705
4.248838
4.842898
-0.274436
0.433287
2.747586
6.755665
3.606382
5.557904
1.026563
7.567908
7.088259
4.554096
0.963147
3.664757
0.956021
6.753648
2.853871
5.361899
1.101194
2.524006
-1.432070
0.788939
4.097353
-0.520394
1.577598
-0.359408
1.662777
0.823683
1.435505
-1.197424
3.068656
5.752225
3.608289
3.660861
5.844733
0.189578
3.670065
3.215965
4.238428
7.688603
2.019504
4.758459
-0.173799
5.681676
5.821549
3.659200
0.532373
2.443005
2.074126
6.899614
5.875905
4.411945
4.100543
4.064239
0.430993
-1.897469
6.228117
7.795727
4.038093
5.532075
1.017924
4.488440
1.169148
-2.161240
1.980233
4.557686
0.155040
2.568169
-0.110909
2.657730
6.648725
-1.752935
4.847002
3.072921
3.968638
4.399800
3.275032
6.168911
2.789847
2.292878
4.842165
2.178999
1.651347
0.098357
0.114489
5.538854
-2.134682
4.516891
1.977882
0.391721
5.489495
7.017428
0.829134
0.440665
1.064463
1.418628
4.673038
2.160659
3.181502
2.599811
9.351082
3.317143
6.417550
0.510312
6.834829
4.725898
3.224859
4.668510
5.481558
3.371910
5.013239
6.623163
0.205527
-1.035682
3.339844
5.652521
6.131821
4.266012
5.636629
5.005650
0.297064
6.488436
2.662648
0.555560
-0.010016
3.547398
3.217758
3.366551
1.985530
3.372319
4.826272
4.366306
-0.239322
2.654174
1.696773
0.242874
2.488642
-0.896425
4.468328
3.295433
0.992173
7.377218
3.485297
3.957507
5.395173
2.127871
0.403666
2.881165
1.407902
3.950762
4.771173
2.132255
6.813038
1.631438
4.163993
2.891375
1.159888
1.372713
0.873781
0.428802
5.993386
1.219592
3.686831
6.033064
3.993553
2.944779
5.163375
4.433482
2.411852
3.200984
7.271259
1.734738
-0.713754
7.044554
4.296382
4.503646
6.537484
2.318051
4.974904
-1.051943
0.447277
5.474174
2.036416
3.325631
2.829793
1.649384
-1.003002
0.019613
-0.791337
1.733776
1.802516
5.102539
6.345402
0.994164
1.312230
3.496701
6.201250
2.028471
2.500178
7.946515
5.994690
4.716380
1.854025
7.964416
4.930207
0.970631
6.274102
1.657630
3.979646
7.498099
3.746397
-0.241558
-1.086947
5.856697
7.674541
7.371127
0.828623
-0.335746
0.564401
-1.475575
1.738839
1.440428
6.909557
-0.273666
5.982756
4.965794
0.337209
-2.416669
5.358386
6.773206
4.332667
0.290978
-0.124600
2.647699
3.694396
2.813151
3.267409
1.970870
6.549606
6.139235
1.770925
5.317513
1.307268
2.641089
3.343034
3.092308
0.759763
4.959576
-0.318417
0.620389
3.455007
1.512629
1.333804
5.967208
0.760635
2.124819
8.104512
5.528607
-2.429983
6.998676
4.068113
3.538696
3.119663
0.344309
3.482408
-0.476555
5.689831
5.606437
4.333851
5.469364
1.854034
2.012158
0.180561
0.218932
9.122540
2.420133
3.734620
5.916849
-1.491406
6.379244
1.166190
-0.972728
6.131576
6.375022
1.062751
0.669243
4.048950
-0.298487
4.747273
-0.851121
4.804529
1.554622
3.091497
-0.372272
-0.322404
4.245101
-0.929440
4.517455
3.653652
0.044261
3.740000
1.365300
-2.397154
1.835932
2.632303
4.986731
6.578848
6.358148
3.361257
6.099670
4.643471
4.620491
4.328627
1.831830
1.916156
6.429002
2.616283
1.662316
4.260544
3.393543
4.354660
4.664912
1.591100
4.886901
0.897049
2.904964
2.838781
-0.603476
0.851894
2.171882
4.771286
5.232578
0.795622
4.506931
-0.161692
2.209553
3.687393
5.549404
6.199562
2.931813
-1.042534
2.042894
2.276059
0.645934
0.176860
3.926028
-0.339098
2.209706
5.339940
4.364148
0.219409
8.666782
-1.505250
1.178223
2.777729
-0.203585
-2.689112
3.216436
4.756932
7.481193
2.152223
1.432779
4.419803
1.687860
0.298588
7.227001
1.653861
5.714629
2.936565
4.783532
4.942950
-2.702319
2.680278
6.959507
5.079973
3.618317
-0.793801
5.273065
2.479463
2.053551
0.562509
4.473709
-0.405842
3.528540
3.188174
3.908880
3.387889
1.827356
6.680646
2.640505
0.865947
4.500095
5.223434
4.999919
4.444091
7.926813
-0.583266
2.958403
2.599386
6.344693
-0.622704
1.881989
0.425280
-0.667093
1.491192
1.890478
2.889743
4.714365
2.223149
4.068223
2.170651
-1.026168
7.042910
3.924226
2.745137
2.372243
5.714783
6.659867
-0.112885
0.167676
2.560528
0.654675
3.158219
5.006571
7.774697
4.031462
4.814486
5.089651
2.861297
-0.550889
3.791883
2.547278
5.991649
4.094847
0.458974
5.548237
2.374512
2.556645
2.692897
5.264322
3.110590
3.878061
4.902722
-0.805222
5.659636
-0.436686
0.319481
0.404605
4.805487
1.080964
-0.274749
5.851816
3.724550
5.056060
4.060343
3.156008
5.092221
4.026290
6.007185
3.339077
4.238409
-0.982446
1.780538
6.268294
4.455849
-1.708570
0.313184
0.213828
3.749672
5.031262
2.860596
7.196507
0.376955
0.335856
-0.784515
4.486179
3.277189
3.976516
5.520014
1.976864
2.422036
2.312068
4.324298
7.358987
6.159860
6.789086
-0.995624
5.974458
4.563481
4.943615
2.800534
1.070441
-2.043277
2.957017
0.511617
7.127896
4.753020
4.342460
2.810280
3.911148
-0.321941
9.393657
2.906410
-0.159228
1.783379
1.725115
5.412324
4.027831
6.767677
4.869777
-1.055878
1.081038
3.892155
7.092750
-0.610173
3.098533
7.951324
1.740387
0.439924
1.912801
2.780233
4.431201
0.789404
-0.443191
4.165615
2.177313
-0.324779
-2.028855
2.756329
-1.155647
4.117867
3.638492
5.288051
4.595336
7.086457
1.147547
6.880562
0.297943
4.928086
2.801478
1.643782
1.071835
3.796220
1.570655
3.676903
3.492454
3.668410
3.931473
7.552129
5.820800
0.315611
5.743279
5.897356
3.785727
4.224060
4.163809
-1.994920
5.974043
4.836299
4.142323
1.208806
6.993079
2.374964
6.226084
2.605175
-0.667027
1.813783
4.654836
1.879820
5.976858
1.190944
0.007502
2.749819
0.164359
0.163689
7.298271
4.087938
6.851643
2.975230
0.544698
5.733617
-1.340831
7.723143
5.382227
9.072588
4.726500
1.123422
5.295450
5.108346
5.820811
5.289564
4.675337
4.369272
1.911119
5.457922
5.085267
5.881381
1.099979
5.612119
-2.471376
5.231487
2.157801
0.697251
0.772999
1.482109
1.234242
5.430339
-1.605483
6.799768
1.300085
6.396999
4.552711
2.742374
3.719129
1.954266
1.504534
2.597847
0.405277
3.181166
7.567055
3.561157
3.067241
4.206154
5.876565
-2.135864
3.322326
1.798315
5.405077
2.609876
1.382786
0.654629
7.464614
3.530629
1.189294
1.128782
1.286127
3.595425
3.300823
4.728794
-1.387418
5.234258
5.839692
5.616522
3.382787
3.964464
2.145611
1.315840
0.618662
-0.383273
2.231104
4.551920
1.407720
2.375548
3.438808
