-0.009825	2.230723	0.825719	3.319245	1.251710	2.332306	3.182914	2.269014	3.572157	2.134992	
-0.468520	1.037499	1.569053	1.204365	1.699690	0.209444	-1.349625	-1.476094	-0.303285	0.846337	
0.974870	5.786139	0.970866	0.433106	2.190555	0.867224	1.649406	3.727118	0.536038	1.503299	
-0.341938	-0.837399	0.803173	-1.503379	3.612718	0.694021	0.878059	3.618963	-1.705780	-0.300935	
3.151518	0.399527	1.396426	1.631920	0.236015	0.317690	-0.082704	-2.271803	0.347054	-2.158131	
1.322071	2.084333	2.040696	2.488836	0.733909	2.681922	2.558998	4.416413	1.531258	3.832142	
2.048108	0.704030	5.528373	4.668056	0.712406	-0.288267	2.666058	1.292581	4.258118	4.085825	
2.240361	2.906276	4.471661	3.218317	1.341224	2.894556	4.517909	1.213804	0.715340	1.704382	
2.630128	3.602049	-0.125287	2.488846	2.635864	0.996371	0.539695	4.696884	1.798312	0.200671	
1.926353	-0.762374	0.470431	2.597655	-1.924120	1.343126	1.272785	-1.213252	1.682645	0.950327	
2.051642	0.424845	3.805706	5.110241	4.467402	3.951516	0.192816	1.526597	0.036126	2.061482	
2.696879	4.324508	0.863766	0.006051	4.269694	0.088578	1.892710	3.695146	2.438563	4.688131	
1.377510	2.407583	1.527047	1.351841	1.280936	1.042224	-0.662131	2.904430	2.142759	0.699948	
2.432272	1.337694	-0.788824	-1.614791	0.695266	-0.972303	-1.042636	0.061010	0.519082	-1.935496	
1.384263	-1.354423	2.052485	-0.520443	1.025833	1.108662	1.756133	0.470990	-0.778198	-0.827501	
0.376892	-1.264948	0.584513	-0.366304	-1.600007	1.937942	-1.719979	0.630607	0.915158	2.037507	
5.114421	2.137192	2.739672	1.350946	1.669586	2.446747	2.810116	4.323488	1.189148	4.662674	
2.720789	2.664689	2.044726	2.166495	3.287635	2.575280	5.215758	0.350811	2.103774	3.502304	
1.869060	1.413292	2.408046	2.913491	2.684623	0.297720	4.053745	2.434397	1.138400	2.940589	
-0.673333	-0.932306	-2.810056	-2.566253	0.195626	-1.020254	0.448579	-0.676002	-1.288749	0.665371	
2.145781	2.559255	2.565517	2.948578	1.313194	-0.665172	-1.060352	1.102325	4.536324	1.747186	
-1.320334	1.506443	1.980014	0.182114	-1.776599	0.114660	-1.063288	-0.265039	-1.491119	0.221127	
-0.072149	-1.101283	-0.362614	3.002190	-2.226409	1.864281	0.394840	2.605744	-1.776458	2.594448	
0.321757	-0.768783	0.294353	1.127635	2.420023	2.636177	-1.390738	2.992014	1.748614	0.393231	
3.269291	3.126644	0.143642	3.806133	2.076282	2.471815	1.361350	0.880437	4.550468	0.824155	
0.282380	1.265278	3.034122	1.654895	0.694605	3.077619	2.854863	2.321619	3.501590	4.312891	
-0.828050	0.728095	-2.378946	-1.070195	-1.079246	1.426679	1.161758	0.955228	0.483908	0.568457	
-1.283767	-1.932115	-1.749314	-1.196655	0.556861	-0.095379	2.899258	-2.317734	1.950621	1.165720	
0.230540	0.596131	0.130446	0.169507	-0.083414	0.272222	0.820868	1.468749	0.022162	0.834299	
3.032416	1.325226	0.777092	0.126228	-1.605252	-2.139261	1.411575	-3.100716	-1.703236	0.395344	
-0.131782	1.513639	-2.684531	0.119031	1.429186	2.324122	0.135091	0.847342	0.267846	-0.352181	
0.972737	0.329920	-0.681588	-0.139389	-2.891560	-1.528854	-0.358992	-1.159934	-0.598616	-2.784742	
0.005986	-0.972187	-0.330838	-1.729869	-1.882420	-0.459760	-1.809654	-2.137811	2.175114	0.503250	
2.040269	-0.548635	-0.177934	0.136375	-1.401140	0.652975	-0.341051	0.931047	-0.149689	-1.708879	
1.219765	2.821452	3.298320	3.033123	2.101540	2.121177	1.336425	-0.695804	5.199021	1.387418	
1.148288	4.614968	4.604665	-0.515051	5.105698	2.662900	-0.413406	2.613498	1.560022	0.205106	
4.122522	0.181691	2.789252	2.973773	0.809871	2.971773	1.111174	5.203265	-0.871733	4.347526	
0.174392	0.011099	2.064128	2.675857	-0.148674	0.553894	2.573345	2.723187	3.435182	-2.334977	
1.867763	0.288555	0.615457	1.635125	3.594594	2.261729	-0.379900	0.605627	1.637082	1.286527	
2.385970	2.779777	3.344309	-0.290785	2.735766	0.468628	0.537700	3.693117	1.614099	3.124351	
-0.497749	-0.352735	-2.406711	-3.590979	-0.317499	1.732197	-1.448148	-0.724775	0.284681	0.896231	
-2.171058	1.309720	-0.066333	-0.489555	-0.450718	-0.627649	-1.317470	-0.590965	1.199828	-1.837351	
-0.394117	2.358461	1.158176	1.657050	-2.516891	0.521365	2.069992	-0.996672	-1.286538	-1.059959	
-2.596803	0.332500	-1.281285	-1.939043	1.060088	0.917512	0.083962	3.386294	-1.065147	-0.982942	
-2.413272	0.298931	-1.498369	2.248345	-1.632148	2.652678	1.107864	-0.382610	0.620281	-2.317867	
0.387690	0.126736	-0.839969	-0.468277	-0.792369	0.320212	-1.217085	-0.210792	3.352428	0.666227	
-0.136021	-0.579044	-0.451219	0.038791	0.944005	-0.428163	1.787611	0.529042	-0.386784	3.026300	
1.912789	2.115327	3.277223	4.211612	1.308904	-0.225658	2.553250	0.667984	1.029827	0.607635	
0.454433	1.542791	1.375289	0.189501	2.392069	1.147896	1.143413	0.676356	0.323445	0.949183	
1.260336	1.233187	1.863076	0.571114	1.750151	1.245099	4.276519	4.408396	1.767141	1.805784	
1.055396	-0.365919	1.171469	0.739278	-0.412506	-0.023432	-2.032506	1.797770	0.660507	1.279583	
-1.297584	1.301532	1.239865	1.227027	-1.132927	0.166199	-1.199624	-2.231904	-1.804217	-2.140699	
0.723518	-1.052383	0.334365	-0.793961	0.609932	1.855295	0.272694	0.535635	0.146086	-1.795152	
4.671437	2.145550	-0.471995	3.035691	3.753303	0.420904	3.158526	4.028293	2.361280	3.179327	
1.136559	4.164329	2.189126	1.005166	0.898803	0.498943	1.473029	3.814538	3.486715	2.777196	
2.857824	0.371182	2.501741	4.198413	2.650898	2.233597	4.176367	1.889756	0.702641	1.399877	
3.352916	0.656271	0.203331	2.449542	3.214249	2.898052	4.193761	2.585038	1.015217	2.419674	
-0.936094	0.138157	0.403146	1.498964	-0.235221	2.452802	-1.167824	-1.526440	-0.051076	-1.678937	
-0.879218	-1.430765	-0.452349	0.852106	0.460905	1.332832	-2.016898	1.677597	1.257157	-0.905979	
1.081234	5.639875	3.519186	2.878531	1.479922	4.390161	2.422979	2.308316	-1.104760	2.912661	
2.972041	1.276711	1.454772	3.269214	3.634067	2.487209	1.576779	0.257602	4.010285	0.893670	
-0.740249	2.527159	4.820157	2.300570	0.871183	1.668702	0.445246	1.574356	1.868488	3.155219	
4.633473	0.450677	2.190587	2.158366	1.999740	1.319443	2.949448	1.990463	1.910345	-0.604940	
-0.208851	1.503981	0.684701	4.950046	4.935389	1.099492	4.847544	1.233172	3.062969	4.338034	
1.854560	1.703788	2.175509	0.640718	0.914662	0.816124	2.376648	3.398269	1.639289	1.593759	
1.605114	2.182317	-0.553786	0.103269	-1.112918	-1.201003	-1.318199	1.163477	-0.384696	0.543704	
1.896013	2.364375	1.002203	3.047993	1.011667	2.480376	4.244750	0.753771	2.712527	2.444968	
-0.014760	0.211734	-1.148419	2.185564	0.222567	0.008088	1.830120	-1.725246	-1.241398	-1.309578	
3.419705	2.705211	1.631753	1.961820	0.504979	3.449566	5.575822	2.402149	2.446413	1.419587	
-0.398051	1.098789	1.386759	-2.159631	1.701345	0.521159	0.185356	0.659721	0.248737	-1.047847	
1.593456	1.055778	0.825743	1.979230	2.541100	2.352374	-0.753605	1.885092	-0.160619	1.806772	
0.642039	1.193820	2.360044	0.659002	1.874271	4.507599	0.888941	3.319295	0.695258	-0.991738	
3.970843	1.753440	2.778030	2.403464	0.297566	0.524174	4.254840	3.733984	2.165315	-0.036531	
0.806354	0.240255	2.346214	2.364511	2.003627	0.588037	1.578738	2.947055	4.856978	2.632783	
-0.791150	0.656555	0.030794	2.490310	0.333567	0.219593	-1.242996	-1.360231	-0.684111	0.872978	
2.047175	1.193851	0.845986	3.683807	-0.504814	0.265136	4.113782	-0.411596	2.320371	1.267707	
0.199954	2.494190	0.549450	1.912454	0.772123	2.268686	0.597042	3.584187	-1.043323	2.676723	
2.998908	1.843651	2.554896	2.739541	2.102335	2.282870	1.845601	2.736676	3.168385	1.436462	
0.775398	0.687983	-1.702499	-0.015272	1.540720	0.549746	0.741448	0.010482	-0.296758	0.808025	
-0.327568	0.161190	3.890663	3.488625	1.955497	1.599055	-0.047434	3.796327	2.449855	-0.266489	
2.498104	0.426340	-0.280293	-0.408656	1.145757	0.290458	-2.639947	-0.130842	-2.108118	0.931060	
-3.796265	-1.916095	3.135287	3.032143	-0.047986	-0.332582	1.034393	-1.848390	-1.913057	0.192818	
2.957194	2.936208	2.267361	3.588759	2.589326	1.286784	1.748206	-0.135877	4.121618	2.116499	
-0.862091	-0.540871	0.383286	-0.698370	-0.848334	-0.564674	1.914572	1.716491	-1.793817	-4.004067	
0.999359	3.508355	4.631791	1.247574	1.655679	3.802278	2.254567	2.102971	3.448979	2.823622	
-1.316672	1.760017	-1.533574	4.198274	1.210183	0.969466	1.894730	1.458584	3.318337	2.140109	
0.320408	0.600878	-1.118199	-2.869581	-1.881863	-1.474485	-2.095673	-3.776053	-2.593141	0.994058	
2.223771	3.079276	1.310108	0.297087	1.912692	3.174291	0.298434	2.081955	1.739940	-0.239593	
1.253736	2.608470	1.088381	3.334031	1.040931	4.834836	2.663401	4.737422	5.345673	0.073199	
2.370520	1.363252	5.365468	2.070268	0.518497	0.211365	3.559560	-0.602096	2.500073	2.001364	
0.429000	3.304716	1.581527	3.125968	3.003995	2.515265	0.760648	3.177385	0.951341	2.326516	
3.131774	1.621816	1.414942	3.313216	1.003510	2.044329	0.709972	2.781733	2.655364	3.885500	
0.847806	0.588098	1.015797	2.181420	-0.417309	-0.715382	-1.201453	2.741972	0.522433	-0.340222	
-0.594953	-0.112833	0.885603	4.103254	0.358051	0.091681	2.142765	1.918391	2.551634	1.166537	
0.442954	5.175506	1.757566	-0.871910	-0.967327	0.050501	0.063190	0.582758	0.292858	0.946499	
-1.547842	0.967253	1.344139	1.373494	-1.007979	-0.408875	-3.323841	0.724878	0.290669	0.537858	
-1.414292	0.663454	1.008381	0.369377	-0.858777	0.424506	1.272483	-0.272961	-0.403730	-3.283154	
-0.192028	1.453276	1.201592	-2.679993	-1.030867	-1.333036	0.001050	-0.263678	-0.583805	-3.717398	
5.159463	4.110595	1.804638	1.501951	3.927107	3.544071	-2.312155	2.202697	2.010744	3.085460	
0.650625	2.347077	3.155058	2.314747	0.020761	3.477249	-0.018412	3.084342	0.850003	2.628231	
-1.553093	0.014425	0.190448	-1.652483	-0.819389	0.755518	1.092575	1.211169	0.767990	0.107686	
1.074039	1.588201	-1.180567	-1.041361	0.406233	1.450664	-0.263313	-1.641896	1.455074	0.839762	
-1.525817	1.366994	-1.110153	1.564732	-0.324541	2.568156	0.346413	0.494763	0.471160	0.392870	
-1.145071	1.005666	-0.089153	-0.272444	-1.153333	0.480272	-0.517252	1.131172	-0.158147	-0.055041	
0.960193	-0.599718	-0.732895	0.661325	2.137396	1.171322	1.275333	0.243385	1.069111	-0.348850	
3.475138	0.768400	2.092118	2.103443	2.211933	3.654867	3.575843	1.539868	0.709709	3.427180	
2.426207	1.313691	0.947240	2.262765	2.816611	-0.704754	1.902473	0.812981	3.821683	1.794440	
2.609059	3.762482	1.014959	2.061843	2.031061	2.923088	2.062540	2.615045	2.966190	-0.208965	
0.370795	-0.086669	0.640329	0.943216	-1.395941	-0.388747	1.911278	-0.900941	0.555573	1.276862	
1.396299	4.305962	4.506010	4.410669	5.007484	1.598441	1.153920	2.639007	2.082309	3.423084	
2.319450	1.202027	0.605251	0.635927	3.566715	-0.833130	1.552599	0.950243	2.680029	4.306060	
2.077175	2.310221	2.034182	3.004949	2.783073	2.702715	3.336991	-0.511191	1.384546	3.292935	
-1.067879	-2.055259	0.092294	-0.506002	1.074503	-1.110089	-1.653644	-0.749791	0.109181	0.583554	
1.514027	1.086918	-0.983707	-0.266981	-0.567755	-1.029647	1.711199	2.186069	-1.026646	-0.737650	
1.462876	0.797945	1.685747	-1.861308	0.308888	-0.559893	0.611499	-0.183644	0.389291	2.473917	
2.802637	1.211908	3.469318	1.682577	2.761880	1.086751	1.306328	4.022772	-0.959727	0.459337	
2.696017	1.780629	1.260951	0.397290	2.158861	0.856315	2.276635	2.014312	2.954569	0.789488	
1.065602	1.270175	1.656940	2.376398	-0.985913	0.261859	1.680488	3.289273	0.964277	1.853453	
0.414108	2.092224	0.743865	5.489507	0.360217	2.058679	2.797297	1.812921	1.860881	1.402924	
2.739099	1.469534	4.545604	-0.384042	4.282008	1.666440	2.267870	2.916710	1.365432	0.468055	
0.640404	1.343560	-0.084459	-0.114895	-0.094056	0.107631	-1.042954	-2.924312	-1.021709	-1.104351	
0.185140	-1.086353	1.251974	0.415426	1.611697	1.401132	2.459174	0.149517	0.748248	-1.806951	
0.568848	-3.626994	2.233481	-1.119474	-0.146468	0.848828	1.402978	0.004937	-0.662619	3.062028	
-0.679921	1.981923	-2.822290	1.169249	0.654859	0.650420	-1.192046	-1.465085	1.309309	2.771226	
2.043404	2.039970	4.303438	3.995850	1.551306	-0.702088	0.766936	3.418379	1.950056	3.480515	
2.043847	0.029291	-2.796464	0.669937	-0.509396	-0.529576	4.316931	-1.108275	0.634527	-0.081448	
-1.633557	-3.279157	-0.266212	-3.031295	0.368433	-1.277789	-0.187918	1.177640	-0.368408	1.643416	
1.807274	2.177254	3.840745	3.087942	0.701333	2.138381	2.667360	1.819257	0.220364	1.014377	
-1.845040	0.133615	-0.120983	-0.631193	-2.566672	0.162162	1.476455	0.873860	-1.311048	0.889148	
-1.465318	-1.594367	-0.425857	0.511754	1.559159	0.500157	2.149877	-0.394277	-0.718958	-0.383541	
1.587927	1.157755	0.343557	3.567136	1.743757	2.596637	0.081689	1.034003	3.510318	3.190553	
-1.627852	-1.077070	-0.479381	-1.756146	0.161543	-3.339209	-5.007912	-0.415344	-1.604418	0.753949	
-0.981305	-0.963817	-1.944962	-0.343365	0.700040	0.042897	1.038137	-1.128379	-0.110424	1.244763	
1.322954	1.602236	0.371012	-2.537555	3.405301	0.331205	-1.417494	-3.260827	-1.505486	-2.422443	
1.326275	2.655824	0.384704	1.800270	3.572190	2.640740	2.422048	1.830771	2.210759	1.346945	
-2.259461	0.376486	-0.435707	0.794427	1.435742	-0.049156	1.461275	-0.373362	2.299533	-0.174192	
1.277962	-0.197520	-0.741284	1.556674	-0.771110	1.950735	-0.254795	-1.126167	-0.637675	-1.982050	
-0.666816	-1.859514	-0.691840	-0.299702	-2.963544	1.778787	-0.281197	-0.368313	-2.365039	-0.575155	
0.006599	1.420831	1.257737	-0.359506	-0.245338	0.499539	0.100945	0.205616	3.129585	1.505213	
0.517440	-1.341607	0.014199	0.664737	0.171011	1.739239	0.872088	-2.329966	-0.003145	1.937762	
3.067935	0.320449	3.641477	1.734448	1.853934	1.886352	0.521653	2.419800	1.113365	1.652998	
1.403262	-1.940938	-0.856224	-0.129040	-0.937167	-0.751998	0.974063	1.911941	-1.417187	-1.790725	
-1.469654	1.753403	-0.606733	-1.455109	0.341893	0.817671	0.520834	0.275901	0.774940	-0.020669	
0.099550	-0.515334	-1.025201	1.703636	-0.379680	0.414888	-0.426103	0.487978	1.824070	1.420109	
1.725794	4.411934	2.578313	2.705179	-0.366848	1.604756	2.002717	2.539838	2.699464	1.656297	
-0.027083	-1.051227	1.167269	-0.731291	-1.748102	1.320231	1.738976	3.788965	-0.647441	-0.497312	
1.010569	-2.181458	-1.151722	-0.574598	-0.298819	0.791666	-1.102484	-0.167565	1.080563	3.591018	
3.078430	3.569999	0.445227	3.753636	2.645226	1.829585	3.067785	0.284273	0.132752	1.186141	
1.120378	1.349440	1.768039	2.575861	0.916810	-0.078788	4.189332	2.946732	1.440326	1.273998	
2.915067	0.893293	2.469320	3.579196	1.587052	4.891078	2.814805	0.890407	2.433105	1.037708	
1.523281	3.217946	1.460144	0.501875	2.705012	3.314723	1.892943	3.258925	1.079866	-1.046447	
3.498137	1.703918	0.588684	1.837669	0.125740	1.335035	0.186570	0.420513	0.883252	2.288894	
0.156204	-1.511700	-1.346515	-0.920476	0.119504	1.243430	1.787384	-3.356770	2.211518	-1.277519	
0.294608	-2.254291	1.050013	0.155723	0.905272	-0.605649	1.051885	-0.973089	-3.248894	-0.234880	
3.833650	2.404106	0.588080	2.153122	0.727868	3.814163	-0.206760	4.318703	1.811862	1.824186	
0.077260	4.949510	2.615620	2.583669	0.076422	0.240507	1.098081	1.913297	0.018579	-0.200150	
0.351807	0.589941	-1.728147	1.950405	0.466346	-1.277236	2.356557	2.446577	0.415121	0.304967	
-1.295462	-1.855220	2.195157	0.305832	-1.556053	-1.948111	0.119876	0.132101	-1.684241	-0.802587	
-0.555754	-0.450119	0.590853	-1.855938	-3.671699	0.002139	2.269968	2.605478	0.409605	1.142305	
1.945355	2.976996	1.673610	0.675881	2.291642	4.853139	0.553229	2.234054	1.905363	0.470617	
2.931640	1.943147	4.153511	0.684425	-0.991913	-1.346393	2.868261	2.762705	3.153803	1.528863	
3.498238	3.041518	0.384732	0.985138	-0.405830	2.800621	1.450440	2.793106	1.304201	1.251701	
2.379290	2.046957	0.417893	0.386225	3.096447	0.532683	2.547015	1.871435	1.193373	3.631276	
0.217418	-0.077235	0.206999	-0.159066	0.189974	0.545687	-0.342425	0.656682	1.666352	0.092352	
-1.561980	1.409030	3.015270	0.677342	-1.205629	0.163227	-2.040065	-1.949307	0.602290	-0.831482	
-0.667380	-1.484035	-0.231708	-1.623731	-0.278635	-1.297682	1.374546	-0.314018	2.341725	-0.558081	
-1.179716	0.587168	0.733375	-1.320068	-0.235391	0.682722	0.923105	1.134044	1.338034	-0.834755	
1.826475	-0.547833	0.213706	-1.121501	-1.913499	-1.774812	-1.443265	1.284908	-0.861283	1.694129	
-1.231801	-1.952933	0.655461	0.221688	3.146616	-1.809206	1.869554	3.247693	-1.568112	1.124883	
1.916512	3.994583	3.917659	0.230995	2.733630	-0.751578	-1.030988	1.953531	1.871781	2.866785	
1.248589	-0.753715	1.032843	1.919752	1.887315	-1.115299	0.213822	1.049894	-1.221467	0.279388	
1.762423	-1.024496	0.771398	1.557858	-0.353616	0.987873	2.134811	-0.252562	-0.209794	-0.292175	
-1.147886	1.959010	-0.667516	-0.153608	0.533684	-1.973810	1.582504	-0.106727	-1.651251	-0.320099	
0.348757	-2.851075	-0.646156	0.757886	0.923301	-0.777118	-1.708286	0.871305	0.933339	-1.356778	
2.774972	2.609739	2.189121	4.211946	1.903034	1.092997	3.805695	2.640032	3.358973	0.587869	
-1.272260	-3.373742	-0.881482	-2.900379	0.684053	-2.165939	0.181858	-0.707779	0.105436	1.361714	
0.487577	1.928869	0.269569	1.351789	0.026435	0.898477	-0.999422	-1.592233	1.362875	0.538208	
-0.391058	1.705442	4.702281	-0.659920	-2.612251	-0.669851	0.830561	-1.374432	0.686379	4.093783	
0.138405	-0.108554	-1.747886	-0.214308	1.346875	-0.966683	-2.018467	-0.766891	-0.203758	0.023496	
-0.142685	1.174818	-0.790820	0.582996	-1.560917	0.578525	-0.191790	2.087870	-1.603940	0.156278	
-1.020967	1.674990	1.332046	-3.139570	1.142007	0.060453	-1.739174	1.782735	-1.172701	1.031191	
3.206283	-1.656317	0.614427	1.254939	1.362391	-0.567210	-0.861770	-1.319121	-0.272242	-0.457406	
1.776279	-0.886078	2.323217	-0.592033	0.325300	0.341138	0.213327	-2.753211	-1.988997	0.676008	
0.453845	-1.297441	1.172701	2.746880	0.123240	2.329328	-0.554354	2.222101	-0.938198	-0.000195	
-0.679767	1.803110	3.869287	3.768457	2.287322	5.072940	2.236458	2.828880	4.097325	-1.351591	
0.380675	0.360886	-0.710245	-1.897797	-0.930293	-0.028957	0.124411	0.821592	0.605910	0.517344	
-0.839895	0.240272	-1.069440	0.676154	0.239674	-2.231224	1.422633	2.261317	1.142233	2.000705	
0.048917	-2.822537	1.147177	0.744318	1.436952	-0.837507	-0.977947	-2.050721	0.606766	1.486801	
1.187605	3.291608	1.261311	4.050602	2.557412	3.236221	2.151623	2.116842	1.706789	1.008552	
-0.080931	-0.328405	0.613279	0.042634	-0.380130	0.303529	-0.098755	-1.368880	0.566180	-2.021644	
-1.041815	0.332576	-1.402684	-1.916574	-2.652075	-2.127431	-0.592421	0.349045	1.886036	3.030323	
2.453613	1.161068	1.313910	2.470747	0.739895	2.150485	1.017523	-0.183336	-0.359309	3.261467	
1.197490	3.744810	1.486807	3.302831	3.991857	1.268022	3.406526	1.182612	3.627774	2.404073	
0.113385	-0.311829	-0.158728	-2.153709	1.505724	-1.426996	-0.360007	0.126003	1.849190	-0.314618	
1.481426	1.765208	4.606678	0.474534	0.849049	2.313683	2.069243	-0.034634	0.862639	2.377454	
-0.771274	-0.818659	-0.468016	-1.302585	1.559848	0.498143	-1.292650	1.257165	-1.246252	0.431423	
1.290621	0.359899	-0.266839	1.322031	1.499304	3.340965	1.078795	0.558302	-2.236619	0.327990	
-2.433720	2.333392	-1.009051	-0.704593	0.216634	-1.127456	3.337715	-2.173164	0.605876	-1.759863	
0.471821	4.643158	3.360670	0.984838	3.717102	0.091738	-0.084845	0.807525	1.459193	4.061807	
-0.842901	-0.985442	1.675678	-0.109615	-0.334600	1.182478	1.730967	0.173065	2.639283	-0.395417	
-0.621066	1.109169	1.172833	-2.018171	1.276573	0.668995	0.654220	-3.035349	-2.476894	1.096209	
1.697008	1.063638	1.145558	3.315837	0.509614	3.478685	0.545335	3.074814	4.252653	3.079857	
-0.382644	-1.051374	-0.853829	0.002228	0.642214	-0.886433	0.872976	0.371733	-1.227595	0.459736	
1.098240	-1.535546	0.780575	-0.254313	-1.726116	0.759908	-2.778845	-0.002310	0.332750	1.042108	
-0.618383	1.539620	-1.528954	-0.382656	1.140726	1.251569	-1.043419	0.466461	-0.295759	-0.009009	
0.966269	-0.504077	-3.853089	0.346455	-0.023895	1.027313	-0.568684	2.205924	-0.520546	0.672605	
1.853531	-0.388873	5.358766	0.908905	-0.375226	2.076209	-0.737319	1.562530	1.304656	1.734662	
1.221917	4.008306	2.840893	3.289679	0.136642	-0.137151	3.276081	3.805474	5.003172	1.090709	
0.846741	-1.223176	0.598799	-1.574410	-1.863438	2.863906	-0.171223	-1.584163	0.314022	2.802580	
0.197278	0.877858	2.271033	0.587530	3.002433	-0.801690	1.803474	2.214592	-0.153103	-0.217714	
0.794006	2.106876	3.004065	0.040113	1.662751	2.010217	2.669598	4.677738	2.851491	0.771846	
3.128083	1.922776	3.156434	-0.110288	1.326062	1.982375	2.007704	2.084800	1.245302	1.746839	
0.870161	4.645036	1.429961	1.725499	3.209719	1.691045	0.234122	2.165558	0.408323	3.024305	
3.526053	-0.312794	-0.871781	2.252749	-1.757918	-2.273684	2.676165	-0.596823	-0.713185	-2.181582	
4.175517	3.983572	1.388438	0.416480	1.063842	2.589150	4.249478	1.098381	0.720778	1.706291	
-0.262264	1.589687	0.017682	1.910190	1.282080	-3.464892	-0.699616	0.061291	0.055162	2.097013	
2.009536	4.506405	-0.731178	2.836854	4.490010	1.585865	2.604035	3.076296	2.076160	2.677334	
-2.083069	0.661625	-2.032524	2.031862	-0.095752	-0.903344	-0.774482	1.254143	0.044475	-0.640118	
0.988204	0.076293	2.960127	-0.769182	-0.013816	0.196476	-0.691066	-1.065971	2.377930	0.495807	
-3.567960	0.376197	-0.683734	0.136098	-1.718351	1.989514	-0.237293	2.552679	-1.441334	0.857121	
3.933755	1.734076	3.002756	3.994469	1.007095	1.263599	3.284464	1.128725	1.593791	-1.524416	
1.998442	0.358323	-1.240375	0.055325	0.706521	2.951020	0.013028	0.501305	-1.814357	-2.271017	
-0.566121	1.712844	-1.624659	0.731461	2.471422	0.552597	3.324764	1.974822	0.942987	1.089716	
-0.982657	1.085976	-1.974045	-1.542932	-2.651461	1.655902	-0.364370	0.905994	1.687890	0.687881	
0.699006	2.025706	3.555389	2.570098	3.761785	0.712542	3.886550	2.181813	4.919981	2.817980	
0.130510	2.143663	-0.774227	1.087724	-1.214511	1.179141	0.558316	-0.141059	0.859785	-2.348335	
0.017358	2.219036	2.212236	3.715215	3.749765	1.254082	3.019590	1.211322	-0.764077	0.693817	
0.294176	2.267024	3.354099	2.979354	1.632494	0.956975	3.892257	2.912279	2.006777	2.540474	
1.449284	2.134955	0.168086	4.989741	1.119502	3.609660	2.043395	1.717299	4.511569	1.971686	
1.351779	0.917460	1.973425	3.028356	0.699579	1.876516	2.862353	1.210656	3.185652	1.445130	
-0.048239	-1.858767	0.126004	1.878663	-1.167520	-0.796943	0.912937	1.783511	-0.362875	0.039231	
0.933312	1.229520	-3.236864	3.262884	-0.616020	1.529185	0.373468	-1.177264	-1.556823	0.052571	
0.777737	5.627860	2.932007	0.435185	1.148773	1.829632	2.516056	1.831290	1.313617	2.795597	
-0.154530	2.693472	1.228395	1.903891	-0.019947	2.509205	0.854798	3.291133	1.550017	1.763367	
-1.198045	-1.836836	-1.374163	-2.288453	1.883371	0.870238	-0.669103	-0.395496	1.541389	-0.829885	
1.083534	2.764557	3.256972	0.616315	3.003758	2.463905	1.199034	4.058471	7.498639	2.115149	
-2.957550	-1.150315	-1.272902	-1.952009	1.346126	-1.459808	-0.436979	0.345738	-0.229493	2.378414	
-0.772666	1.266812	-0.163218	-0.499912	-1.057582	1.715780	-0.572917	-0.380194	-2.617646	2.166059	
-0.682034	-0.378881	-1.614954	-0.613874	-0.481007	1.397073	0.347830	0.722509	-0.938786	0.855515	
0.663933	1.607233	-0.690563	2.980644	-1.709199	-2.008762	1.161666	2.080121	-1.654105	-0.868416	
4.091119	0.463632	1.475006	-0.884222	4.528454	1.714773	5.429939	2.113752	4.186227	3.667815	
-0.870696	3.078144	-0.137401	1.438181	2.459243	3.161321	1.522651	1.277957	0.837241	0.762781	
0.933611	-0.910396	-1.295721	-0.237681	1.206494	-1.091029	-0.685859	-0.713717	0.374678	-0.460904	
-1.045502	5.683227	3.996626	2.296958	3.441891	3.317956	3.848604	1.822000	3.162795	1.703489	
0.626469	0.503696	0.704461	1.807620	-0.786900	3.076762	4.407298	2.799905	3.128392	2.601469	
1.075586	1.385421	1.621699	-1.023728	3.808376	-1.039078	0.930600	1.144534	0.995649	2.771479	
1.027017	2.005781	0.822643	3.698920	2.551820	0.879427	3.754857	4.214041	2.893338	4.873250	
3.388551	-0.863374	2.505249	2.811546	-1.177131	4.078287	1.114218	0.490393	0.312960	1.950972	
-1.642658	-1.107394	0.372327	1.115767	0.993345	1.588812	-2.172899	0.399750	0.393338	-0.040633	
2.513107	-0.747433	0.984089	2.131370	2.112134	1.873254	3.780408	-0.901315	1.593973	3.517514	
0.329215	1.296363	1.844823	1.597356	0.816317	0.422050	3.310793	1.803516	0.506066	2.132490	
2.302312	3.833365	1.586858	-1.023856	1.391446	1.400600	2.466807	1.026485	0.212999	4.136028	
2.152360	3.082751	1.157560	2.028914	-0.188332	1.461998	0.802077	2.186833	2.296871	1.189532	
0.492779	1.345853	1.080445	2.682127	2.287095	2.078716	2.672973	-1.730192	0.079422	1.207561	
1.701393	2.164105	1.287591	1.924381	0.597460	4.054831	1.254060	1.249515	0.574149	4.092407	
-3.410557	-1.117949	1.839772	-1.380370	0.098848	1.616272	1.592448	-1.188097	-1.519637	1.150706	
2.455115	1.050387	-1.168790	1.228792	0.670175	0.157345	-2.870508	0.252511	0.122717	-2.071985	
1.366508	3.032083	1.155284	2.856704	3.353228	-1.216236	1.101951	2.752904	2.428324	0.952103	
1.747364	-1.068848	0.847531	-2.439735	-1.875818	-0.601697	-1.134385	0.207450	-2.066663	0.204955	
-1.946139	-0.074619	1.468909	0.010191	-2.394485	-0.071352	0.149255	1.701643	2.485222	-3.237498	
1.295652	-1.590921	0.065220	0.699020	0.375063	-2.641272	0.653503	2.571362	1.256336	0.838064	
2.899633	4.319240	5.766140	0.511531	2.569192	3.417337	-1.080585	1.241326	3.309009	-0.101331	
2.735606	1.697823	-0.272377	-1.273837	-0.484730	-4.285253	1.460101	-0.723499	-1.452070	1.887578	
3.122664	-0.972261	3.449846	0.332851	0.811827	2.890953	3.251886	-0.893740	2.804529	3.766253	
1.297950	0.773033	1.088467	1.270722	0.509209	0.857574	2.002265	2.601019	2.740154	1.222925	
2.184770	1.470805	2.584262	3.181729	1.262217	1.191274	0.637933	3.124731	1.819233	1.795314	
1.575361	0.210126	2.847052	0.291997	1.225303	-0.224469	-2.241996	-0.891136	0.328476	1.045037	
3.398582	1.250076	2.210618	2.127218	2.337820	3.220290	2.587362	2.777328	2.313216	1.030157	
-1.343384	-1.132145	-1.689034	-0.593881	-0.336434	0.717540	0.628416	2.374630	-0.122608	-0.905819	
2.935003	-0.513366	2.374039	0.436969	1.978441	2.347754	1.766308	2.657857	1.514164	2.549054	
-1.276224	3.160285	-0.563226	-0.234205	-1.431625	2.672155	-1.377395	0.922343	4.552411	2.439980	
0.024749	2.262264	2.131021	0.698468	2.125553	-0.824666	2.698768	1.140901	0.493057	-1.473201	
0.797323	-1.335673	0.125263	0.371187	1.724404	-1.340067	-2.167835	2.232499	-0.441636	1.314159	
2.343639	0.611783	2.302401	2.447103	4.281107	2.868803	-0.736531	-0.682491	-0.859063	1.070930	
2.902808	0.255628	0.477515	2.111737	5.461454	1.979382	2.899082	1.638117	2.206711	1.757368	
1.656229	-1.083575	0.820724	-2.103020	-1.144087	-0.146126	-0.257735	1.816022	2.049494	0.203026	
0.122124	1.616370	0.233678	2.700675	2.218065	-1.030483	2.967357	2.525995	2.512787	3.102208	
3.050442	3.677574	1.040772	0.354626	3.819439	3.779234	1.736245	1.549050	3.633692	1.022758	
1.002170	-0.624073	2.065890	-1.523392	4.495523	2.042972	1.306699	3.500869	3.815261	2.635505	
0.723903	1.082470	-1.622671	-0.012228	-0.741922	-1.507396	1.630951	-0.288445	0.005541	3.000745	
-0.689977	1.554156	1.096457	-0.583084	-0.581158	0.224068	0.901597	-2.170781	-0.611960	-0.899165	
0.695478	2.763306	2.168520	3.399208	-0.313273	0.503000	4.892067	3.938766	2.017136	2.310650	
0.117953	-0.003072	-0.415073	-1.047965	-0.111900	-0.754885	-1.580569	0.324648	-3.119488	-0.722797	
2.906800	-0.150627	-0.560738	2.491570	1.259006	1.631594	-1.279304	1.430334	-0.369035	-0.187459	
0.870816	4.020485	1.234408	0.460918	1.708616	1.705225	2.354755	1.306574	4.218379	3.447844	
3.319461	2.627646	2.916942	-0.322765	2.723594	3.404506	2.288565	-0.290720	1.319095	-1.087612	
0.688265	0.460245	-0.498271	-1.550110	-1.108115	1.296945	0.266675	-0.463386	0.214042	0.018595	
1.483318	0.030944	0.530504	-0.610042	-1.414918	0.683594	-1.592705	1.488066	-0.638926	-0.830342	
2.175285	3.131212	-0.124156	4.017061	-0.191716	3.067705	1.348689	3.573726	2.526454	3.694862	
-1.010708	1.352908	-0.910251	-1.527888	0.048160	-1.941918	0.505335	0.532329	0.010453	-1.432709	
4.942811	0.979518	-0.639911	2.542932	1.731287	3.648420	2.102595	0.756932	0.613120	3.436232	
1.686804	-1.579244	2.449272	0.506453	3.930441	2.548399	3.146015	-0.467510	1.923348	-0.309057	
1.180536	2.813295	1.526041	-0.072318	2.563337	2.271126	0.884940	-0.386790	3.229676	3.196942	
0.693571	-0.709588	-0.152119	-1.233859	-0.259490	1.940238	0.356902	0.005138	1.119549	2.772834	
0.031507	-1.147110	0.818743	0.298046	0.488930	0.455475	-0.707763	-0.430349	0.053445	2.093770	
0.279340	-1.788635	3.691793	-0.742705	-0.324380	1.089041	0.053153	-0.079080	0.249511	0.407448	
2.778224	-0.167490	2.463161	2.031108	4.874560	-1.268674	1.548656	4.940495	3.153864	0.860802	
-0.005963	1.015818	1.735507	2.403262	2.376707	1.662607	1.357802	0.552528	0.048069	0.595893	
-0.057498	2.227319	-1.009511	2.199726	-1.427022	0.143684	3.437213	-1.298232	-2.559020	0.715199	
4.405876	3.213974	2.584339	1.038637	2.101714	1.927597	2.458328	1.033885	0.955433	-0.008248	
1.337976	3.585216	2.820653	0.961020	1.662463	1.302511	2.316991	0.162094	1.884050	2.148801	
-0.072826	-1.308883	-1.860311	0.930746	-0.343932	-1.015252	0.906042	0.380980	-0.546551	0.156252	
0.620885	2.939436	2.326747	4.382434	1.371811	0.142827	3.218199	1.266791	-0.269683	3.113350	
-0.668899	1.885555	0.457563	-0.695544	0.675711	0.661152	0.771705	-0.982377	1.253437	2.185638	
3.971925	-0.596604	2.080147	3.441502	4.388018	4.118032	1.122896	3.204788	0.179917	3.184620	
4.126485	4.603507	3.091654	3.359653	0.284941	2.324666	1.521576	2.755095	1.297768	-0.311080	
0.620572	0.881060	3.628901	2.684940	2.777807	2.193063	-0.953034	0.036119	2.726117	0.939899	
-0.663062	-0.624415	0.530475	1.717889	-0.760353	-3.751334	1.528325	0.297292	-1.552284	0.782105	
-0.616117	1.034600	-1.170115	-3.951999	-1.433436	-0.647479	-0.042263	-3.604448	2.161703	1.752621	
-1.642521	1.411214	0.442813	0.248747	-1.072430	-4.200175	-0.045358	-1.550119	2.975346	-0.049262	
-0.181816	1.187527	0.497185	-1.563213	-2.164903	-2.059984	1.936988	-0.784965	1.154563	-1.505639	
0.107969	0.815893	-1.435590	-1.034942	-2.905731	0.745674	1.376841	0.227716	2.138821	0.421193	
1.443179	1.992381	0.227111	-0.884249	-0.722259	0.147632	1.304779	-2.652367	-1.011336	0.310721	
3.879745	2.148484	0.591773	1.979415	2.589542	0.994659	2.438343	-0.668299	0.559824	1.732003	
1.945937	-1.512098	-0.378882	-0.660861	-0.987215	-0.548532	1.755722	1.789665	2.841911	-1.906902	
2.634796	-1.223825	3.937630	1.289116	0.521363	2.623239	0.754459	1.812514	1.445182	1.409710	
0.282917	-1.408067	-0.961073	-0.700239	0.090839	1.197274	0.177415	0.005387	0.627828	-0.465333	
1.357587	1.779119	1.360881	2.696414	1.811322	2.894116	3.719265	2.627705	1.624403	1.556674	
0.331343	0.320984	-1.053111	1.379184	1.501690	0.462524	1.354565	1.784998	1.213621	-0.499213	
0.443586	-2.387104	0.091621	-0.744878	0.724696	0.620197	1.819060	-1.671075	0.168949	-0.629732	
2.479766	2.234711	-0.919861	3.424099	3.455540	0.323561	4.546518	0.890103	3.934389	0.659402	
0.593078	0.255638	0.679245	-1.132875	2.049287	-0.799519	1.877422	-0.422803	-0.310572	-0.303383	
0.155178	3.526355	4.379842	1.440080	1.376395	0.832963	3.807873	0.957175	1.327579	0.440309	
4.877037	-0.384725	-0.961997	4.484497	1.673925	1.410736	1.021689	4.543528	6.725865	1.581835	
0.895208	1.048174	3.874245	1.226275	1.295526	2.770445	2.837130	-1.050687	3.632208	3.172606	
-0.755141	-2.317529	3.548598	1.645488	-0.107381	1.382615	0.717103	1.732477	0.292264	0.033185	
1.725951	2.778255	2.095794	2.111588	3.323537	2.093086	1.050199	3.875842	2.079899	2.626430	
0.578877	2.544738	-1.206598	-1.114657	-0.444915	-0.673436	-0.279507	0.613830	0.692384	1.947877	
-0.690790	0.393659	1.267505	2.200878	1.754219	0.150373	0.463451	0.282990	1.868828	0.630847	
1.145679	3.515818	1.897912	1.168632	3.235525	2.249847	4.164193	1.478838	3.209155	4.610854	
0.277192	1.223841	0.549822	0.967676	0.206479	0.281349	0.659204	-1.417718	0.626765	-0.126545	
0.540419	2.901074	1.116290	5.139172	0.351952	2.815483	1.818294	3.685274	1.766491	1.876242	
-0.107615	-0.809953	1.557240	0.620733	1.019847	-1.374127	0.363991	-0.785541	-0.359841	1.193931	
1.967121	1.437011	3.202508	3.875255	0.205892	-0.127201	1.935031	4.599327	3.606972	0.242173	
0.598216	1.056381	0.554216	-0.281701	1.912638	0.163164	1.867208	1.407773	2.980002	2.490812	
-0.037087	1.526097	-0.602845	2.192600	-0.597181	0.656270	0.106387	1.102939	-0.171370	0.373885	
2.771418	0.710022	2.995320	-0.163472	0.455124	0.650549	-0.102463	2.859276	4.035441	0.582894	
-2.361754	-2.712003	0.140302	-1.744167	-0.017994	-2.856271	-0.034566	-0.127651	0.520104	2.622204	
4.501534	4.788094	2.549848	4.108512	2.833672	2.853653	0.270836	3.822833	1.922481	3.349954	
-1.488509	2.022878	-0.115986	-0.153200	-0.115064	-2.618002	3.227738	0.438873	0.185465	-0.886348	
0.639475	0.918108	3.187461	0.808918	2.922338	1.661375	-2.230663	1.445029	1.845409	1.026895	
-2.409442	-1.897349	0.900011	2.572324	2.316829	1.047622	-1.660267	0.422894	0.573261	-0.085393	
-0.405522	3.451705	-0.894100	-2.116159	0.111137	-0.288335	-0.500755	2.354011	-2.620180	0.696179	
-1.124525	-1.485486	-0.919063	-1.931104	-0.339427	1.411264	0.821669	-1.523136	0.940778	0.621677	
1.757873	0.995043	0.321057	2.306980	-3.328873	-0.363703	2.594962	0.228723	0.382933	2.800156	
-0.765320	0.123789	0.811240	1.078061	1.868077	0.349928	3.885515	3.901577	2.536798	2.187911	
2.367330	1.875495	0.947529	2.222166	0.593363	2.534079	1.950668	0.366966	1.148151	1.182182	
-2.040915	0.935679	-1.085888	-0.858928	0.230044	-1.118643	0.184653	0.360523	-1.940736	0.700624	
0.625023	-0.187979	0.425629	1.864256	1.076194	-0.097970	0.127960	-0.278036	-1.466416	0.857544	
-2.211976	2.306849	-0.926999	-1.330952	-0.416229	1.030371	0.569156	2.592966	-2.181783	-0.619193	
0.247327	2.331581	0.962993	0.247130	0.663762	-0.158772	-1.434110	2.275386	-0.481606	-0.961226	
0.990805	1.678345	-0.728354	2.720279	1.966716	0.653647	1.385711	2.528250	2.608152	1.312821	
2.724016	2.265153	1.563954	2.438972	0.508986	2.214206	-0.145536	2.018650	2.857240	4.287074	
2.193882	4.165347	0.695786	0.428304	1.467620	3.945969	0.803646	0.951320	3.796918	2.954841	
-1.006491	-0.404836	-1.722843	1.318147	0.544268	1.835635	1.998051	-3.374620	-0.519887	1.141143	
-0.730122	1.544291	2.791272	1.257182	1.630457	2.400114	3.636632	3.359212	1.509708	2.524484	
1.145726	2.981121	2.768826	6.982876	1.818034	0.356480	1.705183	4.357322	1.059424	4.296682	
1.180069	1.513770	0.812520	0.128017	2.981121	0.958767	1.509844	1.669160	3.310191	3.546809	
1.957556	2.497548	0.470547	2.587585	1.484035	1.933599	3.470115	1.500596	2.015062	3.056655	
1.600841	1.686959	1.618499	2.796240	3.837719	0.927647	1.344153	1.381517	4.475915	1.750255	
0.523997	0.886154	0.822436	-0.021976	-1.386869	0.534912	1.515463	-0.310902	0.370226	-0.940457	
-0.491734	1.155771	0.272958	1.341672	-0.483323	-1.616835	-3.409398	-1.648962	0.164739	-1.318207	
1.004204	3.208059	0.858158	2.136022	3.621167	1.202058	2.854603	0.972312	1.053805	0.858168	
1.095754	-1.294724	-2.157382	-0.291829	1.229906	1.156461	1.526716	1.044210	0.377419	-1.531964	
-1.772981	0.087648	2.192650	-1.617110	-0.973709	1.255408	0.686763	-0.801536	1.317746	-2.334038	
0.704738	2.309396	-1.611024	0.651795	-0.141810	0.935637	-0.009210	-0.264121	0.746034	3.660342	
1.851720	1.326446	3.045574	2.887212	1.875968	2.253453	2.563039	0.387882	2.832271	2.741705	
0.039576	-0.653930	1.906397	-0.660590	0.647224	-0.243801	0.438878	1.073656	-1.780621	-0.578268	
3.551496	4.677390	2.447734	0.488423	1.789087	1.956747	-0.979033	2.068334	1.952104	-0.341078	
0.489694	0.208403	1.035583	0.368895	1.971687	0.404105	2.239225	-2.667722	-2.525105	0.510444	
3.323638	-0.385102	2.606932	1.579622	3.468608	2.799656	2.979356	-1.417874	2.120388	1.192382	
0.134263	2.527966	3.757505	3.523301	3.427550	4.654360	3.050115	2.592629	0.194382	1.305713	
0.371300	0.589052	2.081615	0.314338	0.336897	4.222922	1.699503	2.565800	3.132401	0.781266	
2.086100	-0.820798	-0.674033	1.049474	1.377284	0.544521	-1.854272	-0.720968	1.364548	-0.775195	
-0.043539	3.079360	0.393939	-2.991551	0.517917	0.681139	-2.259296	-0.983226	-0.266425	-1.807924	
2.535266	0.015606	2.373219	2.950317	1.085560	2.567131	3.077655	0.977399	3.097600	1.894852	
-3.265012	-0.617359	0.207002	1.141927	1.688184	0.952822	-0.213579	0.680040	-1.274280	2.072665	
-3.046240	0.438379	2.711921	-0.497499	0.732719	0.510068	-0.718475	1.612063	-2.254662	3.757488	
2.819866	1.410082	1.900154	-0.237538	1.824142	3.097360	4.762355	5.699282	4.557722	2.058397	
0.409439	2.197597	-1.395288	-0.858200	-1.778919	1.369721	0.261607	-0.395664	0.439518	-0.475931	
0.445260	1.027652	0.892571	-2.388203	1.007416	1.786573	-0.753060	-0.971025	-0.025407	1.037830	
-0.982270	0.651454	-0.928031	-0.636831	0.992101	-0.705626	0.480583	1.169980	0.542389	-0.380720	
0.637019	0.922074	-2.330129	2.013566	-0.362182	-0.654742	-0.680198	0.354342	0.527388	-0.034598	
0.959643	3.947898	1.851954	1.236284	1.742996	4.613376	1.394660	0.850688	2.941145	4.278123	
2.135698	0.655366	0.372356	1.686831	2.511958	2.189616	0.651345	-1.932416	-0.137252	1.690262	
1.050259	0.318662	-0.127778	-0.972761	0.454202	-1.252717	0.155949	-3.580568	-0.088923	-3.373133	
3.352269	1.148696	3.552839	2.263375	2.087832	2.828544	2.199251	2.161746	1.873358	5.725707	
0.415927	0.855438	-1.320336	3.397716	1.831115	1.625910	4.709555	-0.316953	4.472450	2.237567	
3.101382	2.355457	-1.592495	1.042362	0.344630	1.107636	3.075140	-0.676680	5.918519	2.174731	
-0.269660	1.953121	1.228601	1.677166	-1.283741	2.002456	-0.026752	1.723612	1.044414	2.274748	
0.837662	-0.099351	2.155065	-0.588986	-1.811456	-0.953102	0.994680	1.830186	0.059272	1.618101	
2.860231	5.408970	2.633699	-0.274502	4.616342	2.754282	2.649917	4.312867	0.735517	3.450469	
4.015766	1.483900	3.607725	2.481707	2.076011	0.875474	2.400353	1.020577	0.144746	4.270170	
3.141960	-1.602699	2.208771	0.386192	2.604666	0.326463	1.650682	1.357488	2.219199	1.281704	
1.229296	1.936214	1.365926	1.958506	4.208003	2.522497	1.883853	2.891359	2.341224	-0.647802	
1.419132	2.442953	0.207307	1.553959	2.020388	4.428888	0.560086	1.294589	1.959524	2.058772	
0.539045	-0.798521	3.809048	2.005506	-0.753594	0.048731	-0.547752	-0.933425	0.548744	0.782613	
1.445238	4.815429	0.719458	2.768244	2.929099	2.295381	1.685813	3.676417	2.999696	-0.255979	
-0.137690	2.684634	1.966197	3.919896	1.158223	0.891884	1.112290	2.397587	-0.679312	2.001159	
0.799218	1.478165	-0.952500	1.435459	-1.587026	1.070969	2.360288	0.288150	-0.161202	2.940842	
1.687658	-0.545458	-0.796103	0.345385	1.801149	1.121637	2.332781	0.239129	1.554978	0.084353	
1.537192	0.190051	-2.192929	1.177040	0.193561	0.663505	-1.085646	-0.436780	-1.411836	2.852783	
-1.836681	-2.075642	0.695656	0.827506	0.034388	0.087326	-0.085479	-3.592274	-0.351193	-0.895981	
0.330614	1.088910	1.986972	2.884969	-0.412707	-1.740558	-0.356840	-1.116884	1.130636	-1.264616	
0.924756	0.625539	-0.482016	2.059912	-3.194425	1.446422	1.090241	0.665622	0.097627	-0.017139	
2.878708	1.245388	-0.534077	2.274471	1.928446	1.432095	1.936059	3.921155	4.041888	1.684074	
0.065346	-3.928698	1.116586	-1.188212	1.117826	-1.290718	-2.696372	1.275209	-1.208261	0.301870	
1.197617	3.138046	0.341209	0.856022	-0.000206	1.958971	0.373425	1.331618	-1.174883	2.333104	
-0.100206	-2.007360	-0.518952	-0.055658	1.109265	2.330413	-0.217910	0.318356	-2.650198	-1.423496	
1.265176	-0.193727	-0.139730	1.121446	-2.627482	-3.437790	-4.238709	0.484936	-1.730681	-0.702187	
0.035560	-0.065478	0.533205	3.196228	1.082540	3.969796	0.668673	0.561516	0.880947	2.023633	
2.214855	2.688958	1.158235	1.480983	1.171429	2.798275	1.642079	-0.982120	2.477267	-0.827300	
-0.563628	2.869383	0.087168	1.824897	1.200525	3.681773	1.138156	2.255158	2.122897	2.824866	
-0.420979	1.864650	3.350193	4.172402	0.433916	3.181425	1.511985	2.944992	-1.254832	1.280207	
0.832436	0.624781	2.472382	-0.335593	3.311057	0.932839	1.687029	4.890605	3.784312	0.448027	
-1.443148	0.504572	1.006384	-0.868600	0.836884	-1.186076	0.892821	0.356695	0.146110	-1.066648	
0.430110	0.929644	-0.285436	-1.366065	0.257571	0.228740	1.869587	1.036787	1.569347	-0.964837	
1.335146	-1.951905	-0.013028	0.977168	1.570459	3.304128	1.121672	-0.053248	-1.010471	-0.056068	
3.498145	0.961192	1.645941	2.798631	0.810979	-0.594484	2.495310	2.207299	0.441684	2.417071	
1.178119	0.041684	0.235870	1.129076	1.761431	0.141283	-0.719472	2.031223	0.571717	-0.504687	
4.415164	1.508464	-1.762225	-0.490570	1.343612	0.541705	3.394845	2.132353	3.757910	-1.592187	
-0.108321	1.847263	2.092171	-1.608085	-1.478183	2.751626	-0.552040	0.569662	-1.376058	-1.882669	
0.371585	0.690679	3.853842	2.927910	2.058680	3.352880	0.681918	0.224029	1.656604	0.076021	
1.169301	0.992194	2.633395	0.366089	3.040777	2.533246	2.318932	0.933166	2.853640	1.560198	
-0.710907	-2.858467	-2.976023	0.517751	2.535828	0.168088	0.996470	-0.564545	0.261202	0.510671	
2.567930	4.584275	3.661055	3.760149	3.369364	1.859279	3.114569	2.793904	1.784650	3.077947	
0.544132	-4.185145	-0.002949	-2.234646	1.438075	-1.154845	0.580864	-0.114369	0.139568	-0.618325	
0.748715	2.851440	0.112031	-0.247761	-0.697682	-0.983387	-0.876944	-1.238382	-2.064824	0.144605	
0.101931	0.066172	1.999510	3.833913	1.395046	2.939327	-0.235204	5.168911	1.218407	2.095475	
0.363625	1.251433	0.539577	0.160653	2.426406	-0.376477	-0.602410	0.238959	1.340701	1.700319	
0.344258	-1.589273	1.146600	1.335436	0.296353	-0.250237	0.410638	1.108575	-1.378977	-1.094960	
3.286810	2.560255	-0.387801	-0.737523	0.241218	0.495279	1.379102	2.640258	3.407855	-0.460167	
1.405509	2.223545	1.493242	2.635731	1.703739	2.562192	2.504040	3.233738	1.990918	0.900726	
-0.654578	0.974757	-0.403297	-2.032030	0.603014	1.073362	1.202625	0.003371	-0.788934	0.257594	
0.794883	2.325593	2.593239	4.059439	0.162957	2.704196	1.969165	5.590570	2.270582	3.133598	
2.782141	2.727994	1.316129	2.855744	2.514920	1.408493	0.561610	2.641041	2.423615	1.578537	
1.049543	1.680430	1.289306	2.150902	3.249820	0.154465	2.464148	2.755882	1.316423	-1.067146	
0.780502	-0.118479	0.670545	0.191623	1.079117	0.359903	-1.092260	2.412550	-1.230242	-1.433038	
-1.757387	1.446310	3.562692	0.492003	0.183402	0.408195	-0.380469	-0.190762	-1.789358	1.289648	
2.001979	-0.083664	1.917215	1.204391	0.505423	2.586317	-1.869809	0.635108	-0.647692	2.037946	
-0.441747	1.060760	-0.737372	-0.700713	0.108672	2.664182	0.303648	0.710136	1.142571	-1.515702	
-1.274519	1.580697	-0.335881	1.628154	1.354406	2.007838	0.679002	0.205319	1.439246	3.813309	
0.665656	2.601006	3.535697	0.477732	1.983161	2.012372	3.051890	2.618704	1.156715	2.814549	
1.837167	2.451127	1.430061	3.091462	2.554610	4.510049	1.259649	3.407418	3.696039	2.849452	
-0.157720	1.564928	2.800584	0.552237	3.367076	0.441465	1.721943	4.180011	4.627322	-0.421256	
-0.820660	-0.269164	-1.479905	0.301114	0.349320	-2.332048	-0.455607	-0.557755	-0.799333	-1.694650	
0.052415	-0.342610	-0.983402	0.870932	-1.119532	1.643228	-0.267131	-0.755806	2.549472	-1.103402	
-0.647998	1.478799	-0.750180	-0.756983	-0.223869	-1.321891	-0.106741	-1.228838	1.830288	-0.721545	
2.663164	1.261000	3.137688	0.481004	2.099752	4.002521	1.527400	0.654298	1.462652	4.124160	
3.162841	0.704158	2.590512	1.147973	1.881976	-1.096037	0.308243	1.260647	4.651732	0.776226	
0.247891	-1.490186	-0.969357	-0.100623	0.969782	0.081444	-0.188368	1.057694	2.106505	-0.151830	
1.366214	1.953359	1.522383	4.706162	2.415422	3.531278	1.695301	4.055418	0.569856	2.964079	
3.540613	1.186436	3.013266	2.619811	4.507264	2.782129	1.512437	0.661831	1.640941	3.657803	
1.191562	-1.666035	-1.515291	2.037004	-5.723410	-0.762060	1.477416	-1.606283	2.258865	-0.871349	
1.254626	0.622109	0.857731	0.786298	-0.454392	0.403897	0.930617	-1.007016	-0.294542	-0.528715	
1.698447	1.232584	1.811349	1.784522	0.580888	4.416719	1.756255	-0.065496	-0.236306	4.062581	
1.266881	3.735390	3.044246	1.728765	4.673648	-0.266580	2.470399	1.608068	1.803804	0.263688	
2.014159	2.383414	1.597334	-0.716342	3.858008	1.167654	0.838825	2.829415	4.989475	0.933130	
3.622675	3.054405	3.338990	1.345059	1.960508	1.060806	-0.284904	1.783237	1.570327	1.585860	
0.583096	0.520050	1.047433	0.771587	-2.191926	0.869830	2.252989	0.446478	-0.110693	-0.796793	
2.716837	-0.813344	0.565647	3.006525	3.529465	-0.274759	1.757721	0.718852	1.357224	-1.555778	
-2.705265	-2.064598	-1.648314	-0.063908	1.719506	0.693734	-1.413488	1.638981	-0.163810	2.175075	
2.650051	0.741471	1.114050	2.309148	2.804670	0.962632	1.496802	4.209380	2.776400	0.503917	
-2.230006	-2.182887	1.908724	0.863415	0.270487	0.287854	1.462192	0.115471	-3.271799	-0.574242	
-0.154860	-0.492132	1.880244	1.067947	1.499145	-1.346398	0.016080	-0.250115	-1.412115	0.108386	
1.947499	1.144298	4.274638	0.742328	2.293810	2.509853	2.222011	2.713591	-0.514751	2.116177	
3.287165	1.155054	2.255914	2.696957	0.243155	3.183802	3.750160	4.934058	2.349052	2.715688	
3.089860	1.826420	2.050380	1.268101	1.977519	2.400462	0.636113	3.674232	2.316572	2.485893	
4.699249	2.880889	0.822305	5.741224	0.678900	2.561695	2.751575	1.313177	0.357452	2.454149	
-1.440988	0.596295	-0.579814	-0.231979	0.769716	1.616354	-3.071779	0.620136	0.375222	-1.674848	
0.639814	-0.200099	1.558266	-1.518704	-2.142799	0.002392	-0.789929	-0.535538	-0.142639	-0.970051	
3.000619	1.081212	0.473801	1.193365	-0.700900	3.988768	4.081966	1.510449	0.085549	3.456248	
0.464167	-1.120703	-1.092607	-1.333370	0.436038	2.236658	-1.085490	0.989107	-0.362063	-1.370616	
2.699300	2.624241	0.161489	2.964764	3.430606	0.974012	3.733465	4.155208	2.081914	0.648616	
2.621743	-0.161051	1.404307	2.923120	-0.472180	-1.441843	0.476041	-1.585622	0.852975	-0.187765	
-2.124289	2.006938	-0.277795	-0.753772	1.446842	0.542911	0.796327	-0.425768	1.123731	1.734334	
0.818872	1.287349	0.723356	1.942715	0.713994	2.089013	1.650961	2.552853	1.351015	2.428533	
3.551683	2.628878	-2.055610	1.037863	2.018218	2.155032	1.883695	0.178336	2.255044	2.649135	
-3.683319	-0.033777	1.366725	-0.007559	0.954072	-1.699760	-0.214743	-1.487453	0.232607	0.534734	
0.367639	-0.868113	1.713202	3.166015	1.278406	3.752507	2.159087	0.098351	3.086160	2.900426	
1.331641	-0.258579	-1.257816	0.278485	0.480904	-1.574637	-0.793251	0.946316	1.049463	0.913067	
3.036567	1.706400	1.466884	0.474406	1.947549	1.769886	1.121533	2.274378	1.309672	1.372039	
1.106587	0.642029	-2.358215	-1.715327	1.407705	-0.712046	0.740777	0.418675	1.460023	3.342166	
1.765789	-1.426350	0.501558	0.911894	0.455532	-0.691477	-0.397946	0.373148	-0.578658	2.333797	
0.838122	2.834787	1.608551	4.421050	5.261759	2.734947	4.089561	2.193589	2.298640	0.441950	
-1.645512	-0.864610	-1.110956	0.472862	0.991066	2.208917	2.400562	-2.360539	-2.230181	1.343422	
1.452178	0.515950	0.765004	2.321476	-1.554756	1.487252	4.692309	1.920296	1.870246	2.160381	
0.966764	0.145314	0.534898	-0.383887	2.418510	0.366574	1.014936	0.079654	2.133609	0.180613	
0.141782	-0.569514	-0.299859	-0.099566	-0.811727	0.591306	0.729156	0.754508	0.905191	-0.738738	
2.678883	-1.131248	-1.772908	1.061159	-0.408499	1.320952	-2.510491	0.580295	-0.234584	-3.220555	
2.526531	0.438329	-0.586462	3.480786	1.990783	3.582531	2.226613	3.204702	3.871863	3.777552	
-0.019072	1.317716	2.530360	-0.721260	0.266179	-0.403527	-1.731868	-0.357463	0.531340	1.328964	
0.479961	0.213837	-1.428785	-0.638587	-0.224536	2.504827	-1.348846	-0.875594	-1.220322	2.240546	
2.703699	3.199948	1.382513	2.609151	-0.208936	3.315919	2.859057	2.282696	2.784576	4.643521	
0.253133	0.563765	-0.315330	-0.483509	-3.104849	-0.022387	2.061767	0.814810	0.451665	0.517522	
0.541748	2.570436	-1.065461	-0.634611	-0.909184	-0.486470	-0.220341	0.916441	0.123788	-0.421325	
-0.577181	-1.958736	1.453937	1.033243	0.007913	2.247364	2.223384	-2.391794	0.192067	0.308578	
-0.295886	-0.739574	0.639727	3.004420	-1.164853	-1.360669	-1.765322	-0.793133	0.022181	-2.948543	
3.433093	0.350574	3.154345	-1.822803	1.722678	2.824462	-0.744586	0.904343	1.944222	1.617091	
0.018984	-1.574475	-1.690695	1.921814	1.512890	0.852232	0.786148	0.958024	-0.705675	0.560501	
2.274636	1.104630	4.038969	2.999912	0.529948	1.707428	2.578148	0.836028	2.443501	3.090375	
5.875473	3.558813	0.729630	2.208709	1.197753	0.048297	2.246922	1.532052	1.314681	2.324323	
-1.064697	0.995234	2.102040	0.091455	0.753427	1.010465	-0.330264	-0.099916	0.068593	2.696142	
3.592140	0.974575	2.113052	2.350984	0.831568	2.548544	0.495421	1.740711	3.054135	2.249526	
2.195176	0.936987	0.704876	-1.833536	2.757225	0.889498	-0.182285	0.857318	2.749432	-0.150655	
0.920754	1.043570	-2.341126	0.329296	-1.278683	-0.728626	0.958950	-1.493734	3.008147	-0.853828	
3.495620	1.953836	5.034820	0.280986	0.743706	3.144816	2.671718	4.327615	-0.076222	1.659959	
1.766078	-0.904766	0.450467	-1.325738	-2.301001	0.223070	1.233827	0.342778	-1.668445	-0.705960	
0.386580	0.516521	0.312199	-1.813777	0.956867	1.199132	-0.828601	1.529260	1.124907	-0.801237	
2.257077	1.851694	2.166177	3.696858	0.738489	1.628823	2.071530	2.004417	4.146718	3.439946	
3.051256	2.237745	1.981203	-0.300576	2.574617	0.908486	2.079127	3.554182	2.284036	0.229526	
4.066831	2.346174	5.170893	3.659550	0.651028	-0.052444	2.302444	-0.064969	2.623582	4.323602	
1.202315	2.062218	3.727937	0.713554	0.434675	1.804029	2.070833	2.101840	0.159755	1.802368	
1.784521	3.761796	3.859058	2.052531	0.186607	3.392089	3.621419	3.045051	1.211888	2.109769	
2.163303	0.918431	0.911588	-0.978348	1.882962	1.688788	3.275005	4.325900	-0.950477	-0.155626	
-1.284389	0.415088	-1.015427	1.697952	1.197766	-0.092411	0.270523	0.649862	-2.468440	2.971975	
-0.501220	-0.333816	3.063051	2.569148	0.379219	-1.259437	-1.718722	-0.551565	-1.616690	-0.461490	
-3.321292	1.066570	0.487661	-2.520594	1.158243	-0.135990	-1.148112	0.801153	-0.800025	0.265976	
0.724405	0.012211	2.893640	0.112627	1.905963	-1.003404	-1.814120	0.938135	0.545311	-1.905223	
0.389363	-2.235887	-2.223662	-5.661590	-2.176573	2.387949	-0.488022	-1.023058	-1.690981	0.661869	
1.333312	1.083752	0.330046	-0.096902	0.346750	2.202730	-0.525504	2.376882	2.267555	2.194684	
1.393404	-0.734049	-0.192382	0.300339	-2.544735	0.296283	-2.908794	0.818892	0.121884	0.878281	
2.416383	0.543714	2.946672	1.200544	3.863957	3.741309	1.054507	-0.086308	2.199621	3.417861	
2.216131	4.526129	1.471321	1.754597	1.059728	4.270224	3.045104	0.498933	2.118452	2.704379	
1.485059	2.086186	1.464314	3.248271	3.792937	1.154491	3.448481	-0.440168	2.897320	0.963110	
2.106343	1.367752	6.562812	1.678118	0.513876	2.339271	2.045221	1.102789	0.435642	2.964719	
3.435526	3.820498	1.469340	0.338015	3.128371	-0.489895	1.607297	1.816564	3.383113	6.284189	
0.028251	3.431142	1.589556	0.878633	0.358827	3.433296	2.612804	2.226410	3.466462	2.601170	
-0.142927	-0.009401	1.898557	1.419553	-0.524644	0.092964	0.405246	0.177528	0.544889	-0.331551	
3.496962	0.059745	2.384171	2.830787	0.693201	0.967658	3.958014	2.753012	1.171760	2.584159	
1.218883	3.252290	0.885545	2.805261	4.207487	2.772799	0.857168	1.766907	3.036317	3.870593	
-1.162269	-0.834907	1.070213	-3.354209	1.293298	1.119001	-0.168606	1.406025	-0.270381	-4.772867	
2.826286	5.060537	3.123232	3.871459	3.086712	1.413152	0.676265	1.440109	1.012932	2.800835	
3.264041	0.268822	0.571123	1.781223	3.401997	0.889796	0.884078	1.884993	4.265560	2.380462	
0.937897	2.447599	4.936851	2.321353	0.743725	3.121757	1.863785	4.651306	3.935176	1.979030	
-0.546867	0.737162	-0.583128	0.082751	1.422926	-0.179279	-0.958052	0.571080	1.148923	-1.128065	
-0.377541	-1.892365	0.848110	-1.068449	-1.006289	2.449263	0.719962	0.116313	2.275050	1.619894	
1.582634	0.524460	-1.182647	0.052297	0.576946	0.580679	0.883911	2.778612	-3.242079	1.675167	
1.115330	1.342735	2.784982	0.726625	1.706921	0.640921	0.299888	-0.885230	-0.949434	0.114735	
2.669649	1.604922	-0.392427	2.085330	0.390861	2.710331	3.306961	3.579748	1.624321	4.074425	
1.103532	1.321267	2.557908	3.383731	3.672904	0.801267	3.636675	2.338676	2.095810	0.517711	
0.129648	-2.575935	-1.886629	0.266618	2.209048	1.907671	-0.240744	0.052095	-0.246992	-1.635376	
3.579786	-0.332310	0.988475	-0.676345	-0.260970	2.580279	-1.514635	-0.614670	1.017178	-1.732775	
0.097931	0.532753	-1.278803	-1.375141	-0.893615	-0.943793	-0.784995	1.150715	-2.516657	0.828008	
0.069139	-0.780461	-1.974941	0.804970	-0.897199	0.328317	2.771693	-1.378744	0.027983	1.342339	
3.227808	2.321957	1.362776	1.665857	1.680698	1.685091	2.741798	-0.072930	3.603534	-0.461939	
1.322329	0.099411	-0.992137	0.496218	0.303212	-0.817087	-1.236369	-1.401952	2.882875	1.516709	
-2.600077	-0.272543	0.314683	0.594910	-0.514023	-0.253592	1.059998	-1.953697	0.326950	0.516817	
0.185559	3.035240	4.323024	-0.507072	1.736383	2.249246	3.484407	1.749799	1.093519	2.947973	
3.486561	0.662783	3.627399	1.796972	2.230715	3.628896	0.118740	0.595125	-0.536206	2.862525	
0.229382	3.137688	1.755574	-0.067912	1.674705	-0.583557	0.386222	0.618064	2.631880	0.980385	
3.120578	0.097896	1.607955	2.028511	3.359673	2.185571	1.934220	-0.241723	0.944617	0.244442	
-1.426902	-3.873016	2.276663	1.998501	-1.938198	1.458369	0.350344	-0.324969	0.978235	-0.025724	
4.745563	0.930804	-1.378275	1.810891	1.681491	2.763253	2.695678	1.936852	1.260598	0.955465	
1.966856	-1.037991	0.192272	1.560034	1.083365	0.687087	0.048108	4.261425	-1.692413	0.119738	
3.443966	0.396952	-1.648369	0.068664	0.166368	2.014925	0.823474	-1.631227	1.440338	0.019591	
2.583157	-1.103038	0.931076	2.064059	-1.646419	0.641620	1.336789	-1.701675	0.240494	-0.716882	
-0.298589	2.720727	-0.414287	-1.379827	-0.184587	1.299588	0.256407	0.589827	-0.258826	-0.054646	
0.988660	1.914627	5.713129	3.847618	2.037511	1.053275	0.949827	2.437678	3.160284	2.720778	
-0.712944	0.576688	1.520188	-0.063411	-1.947105	-0.652114	-1.617298	-2.712229	0.057393	-0.434620	
4.132754	1.805544	1.974030	2.304689	1.465736	3.711519	0.090122	4.390674	5.405744	1.365184	
2.255437	2.705895	1.979155	4.884912	3.172970	2.187023	1.498485	-1.547415	2.090572	1.049206	
2.362472	1.089373	-1.432184	1.816023	5.297151	3.487900	1.430315	1.417770	3.041846	1.855514	
0.729471	1.506067	2.582200	2.005168	0.955189	2.446550	3.579998	2.507998	1.693510	3.183054	
-1.835131	0.635625	0.694897	1.194620	-0.132787	0.975180	-0.429832	0.928907	0.973176	0.470751	
1.446351	1.668714	-1.059422	-1.424156	-0.866354	2.201732	-1.220235	2.530963	-0.940880	-1.257641	
-0.504435	0.994298	-1.720334	1.398731	-0.616452	-2.485752	-0.088591	-0.368524	-3.254441	2.132839	
1.169019	2.084315	3.216140	1.823700	2.124247	1.260798	0.319743	3.255591	3.958414	1.148772	
3.524984	2.088751	0.828252	1.986823	1.171267	1.646652	0.342842	1.766133	0.562924	1.936173	
4.651509	3.801544	3.475299	0.912317	0.093532	1.221896	4.135216	3.996379	1.989913	3.290048	
1.903082	-0.779483	3.385037	1.036894	1.653090	3.066372	2.063387	2.441772	2.595052	2.926872	
0.745754	1.574789	0.379553	1.471833	1.167497	1.554613	0.436140	0.441522	-1.172233	0.785918	
0.053330	2.029401	2.574312	4.100235	1.934023	2.893254	4.428461	5.237181	0.786120	3.651600	
2.711785	-0.477401	-2.155732	-1.337533	0.720555	0.526441	2.236053	1.198221	0.524308	-1.902619	
0.394909	2.708221	2.516272	0.689849	1.846945	4.526329	2.865214	3.474190	2.809357	0.799148	
3.269323	1.617101	3.207527	2.985631	0.452519	2.110241	0.473963	0.298363	2.117561	-1.474880	
3.145121	3.714696	0.900001	3.751989	2.790519	2.533950	2.382832	2.958643	1.963163	3.477276	
1.911693	0.402247	0.145988	3.373102	3.103338	2.365363	0.358652	2.682522	1.541571	0.251791	
0.568815	1.783027	-0.293602	3.152202	-0.214763	-2.497127	-0.609072	-0.414946	0.988983	-1.159335	
2.026328	2.222961	0.008284	1.466897	1.838609	2.614986	1.455504	4.235804	1.758399	4.708979	
-0.015432	-1.465465	2.883430	0.556701	-2.546434	-1.175002	0.760293	1.039227	-3.215773	-1.004286	
2.678262	3.506113	2.736884	3.832097	3.493755	1.197848	0.013062	2.084886	3.323668	2.772599	
1.685230	-1.305826	3.326652	2.185919	2.642733	1.938919	-1.355102	1.063236	2.241034	0.675619	
-0.539519	1.528963	1.963146	3.882058	4.000063	2.602802	2.690706	1.411860	3.724011	-0.534871	
-0.169512	0.747451	-1.607008	-0.053755	-0.966613	-0.313431	1.534246	-1.439238	-0.286621	0.177147	
-0.025017	2.545416	-0.262873	2.194754	0.359544	0.189745	-0.852683	-0.070606	-1.184323	0.882522	
2.914949	0.663153	0.700941	3.155612	3.064929	4.081846	3.061531	2.746038	3.449830	3.564844	
-0.979378	-2.740144	0.095540	-0.572581	-1.142393	-1.309337	-1.132168	-0.590806	0.392117	3.361891	
3.996911	3.239311	1.633975	-0.170730	1.611783	-0.144670	1.922182	0.837830	2.287184	3.591240	
-0.795884	1.007283	1.733100	4.405822	1.741704	4.228849	3.417887	2.533324	2.443447	2.796169	
5.654454	2.621799	3.298183	0.394766	3.018997	1.756929	3.629047	0.073356	-1.068664	0.253511	
1.199713	3.236531	0.671884	2.087847	2.130946	2.356545	1.361547	0.269415	-0.533900	0.829953	
0.079684	0.787901	3.369368	3.872619	1.469999	2.525590	1.868748	3.994076	5.920719	2.892668	
-1.628410	1.400802	1.609091	-2.672683	-1.983528	-0.135266	-1.339096	-3.064839	-0.373662	0.783614	
2.543151	2.907896	1.836675	1.359178	2.998879	4.073481	3.563151	2.419328	1.714254	3.979875	
1.331344	0.603554	-3.202444	2.099307	0.204433	0.837977	-0.736098	-1.294196	1.659897	1.051696	
0.468131	-2.874558	0.164897	-0.529387	-1.189487	-2.477747	1.784265	1.466520	-2.418755	0.877396	
-0.181082	-1.188863	-1.771961	-2.141771	0.440601	0.175848	-2.213054	-2.814140	-1.688885	0.439135	
0.624031	2.687270	3.354804	1.945005	3.737733	1.416438	-0.410300	3.118043	1.101608	2.529428	
1.216454	2.208994	5.412468	0.243324	0.835969	0.156220	2.219065	0.341281	0.977210	2.377250	
0.996804	0.509503	1.945535	2.206639	2.945857	2.699854	1.818028	3.019052	1.653814	2.634150	
3.740230	2.114308	3.173798	3.576295	2.038140	1.819550	1.299620	0.451097	1.755998	4.279521	
-0.193428	2.090086	-3.134106	-0.765602	-2.318096	-0.135248	0.093028	-1.660321	-1.234821	-1.812943	
-0.844758	-1.077652	-0.910067	-1.898320	-0.184906	-0.906775	-0.804043	-0.580926	-3.014906	-1.146984	
-0.748671	2.035575	-0.669187	-2.131461	0.771038	-0.492651	-0.676812	0.123086	1.621549	-0.386497	
1.508555	2.713291	-0.379995	4.219239	1.697312	2.417711	2.275837	0.555460	-0.712724	2.425305	
-0.520673	-1.298284	-1.422602	1.810374	-0.942048	1.032270	-2.534496	-0.469746	1.103598	1.076826	
1.049743	3.526827	2.092115	-0.617926	1.816495	0.572539	2.313390	3.334882	2.336845	1.928863	
2.408160	2.741628	2.820059	0.974392	0.526504	-0.932741	0.153015	1.931051	1.131424	1.338187	
4.900292	5.607883	3.185159	0.395839	-0.947025	3.817325	1.735939	2.125414	2.855545	2.679796	
-0.869905	0.568503	-1.103174	-1.860897	0.967399	0.023285	-1.445348	-1.546563	-1.211062	2.907812	
4.319145	2.516028	3.869168	-0.739014	1.986593	1.279294	3.793891	2.761992	2.484233	2.098173	
2.450253	0.960700	0.331261	2.150464	2.403994	1.866937	1.885021	3.026479	2.446546	1.226485	
2.669001	0.821540	1.283338	-3.384912	-1.883830	1.731184	1.475512	-1.240146	2.659790	-1.678333	
3.167815	1.949881	3.892202	4.833165	0.201203	2.204552	3.155829	1.523436	4.264484	1.430807	
4.399623	-0.350626	2.926569	4.541522	4.121699	1.934556	2.230159	2.478404	1.416719	0.492806	
3.410428	1.071690	4.661086	0.502570	4.975346	3.597414	1.406266	1.670555	0.322214	-2.341745	
0.337378	1.672125	0.951829	2.372336	3.485006	3.618510	3.554954	0.819069	3.951710	1.558082	
1.426217	1.376499	2.461739	-0.793719	0.903252	-0.336805	-1.231874	-0.689284	-0.465402	0.652465	
-0.273882	-2.003645	-1.039579	1.423962	1.150875	-1.892679	-0.056959	-1.045979	-0.155641	1.013032	
2.284440	0.120935	1.979463	1.311147	1.633583	-0.647189	1.470745	2.277923	-0.156713	1.750455	
-1.007591	0.095398	0.564680	-1.676340	-0.502219	0.732065	-0.407049	-0.514144	0.279694	0.958196	
0.975193	-0.491780	0.441799	-1.228839	0.128217	0.843688	1.930421	0.078475	3.163323	0.278269	
0.865798	-3.519320	1.373512	-1.463280	0.414547	-1.400518	-1.685687	-0.095790	-1.280062	-1.059380	
1.587329	2.820498	3.223709	0.470483	1.348030	2.214656	2.915331	0.790939	2.187654	2.424195	
-0.151079	-0.632334	2.766397	0.226593	2.480358	2.241333	-1.613903	1.186593	2.414724	0.977083	
3.235021	3.169454	-0.599904	4.920906	2.574013	-0.081824	-0.382984	-0.862853	1.522383	1.312124	
4.545545	3.040225	4.683455	3.563303	2.444138	0.767407	0.222453	1.811660	1.975515	2.830484	
3.543547	0.847241	3.894202	2.696332	3.423774	3.434301	1.690874	1.460787	1.347262	1.132920	
1.323724	-0.651360	3.303093	-1.708496	2.582549	2.195437	1.505749	3.614846	1.951170	4.857902	
0.207107	-0.008590	0.416330	2.682125	1.607915	2.377201	1.879206	0.006465	0.806009	-0.279415	
2.352808	2.651766	4.808356	3.516667	4.055770	3.310317	2.133752	4.360047	2.013110	2.452208	
3.025953	2.788902	4.140332	2.170836	1.918639	1.701562	2.243835	4.015797	5.115591	1.469028	
1.336540	-1.398132	-0.128252	0.527252	3.323770	-2.399222	-0.390734	0.902994	1.915778	0.696146	
-0.045218	-3.145644	2.153272	-0.023616	-1.741655	-0.533542	-0.761307	2.536380	-0.556977	-1.641167	
-2.395480	-0.303700	2.266184	3.928698	0.236917	0.363102	1.593105	-2.031759	-0.739503	0.344198	
0.693784	2.148792	-2.024756	0.180768	0.004661	1.911857	-1.364891	1.499328	0.616463	-0.012426	
-0.117510	0.464118	0.627140	2.304769	2.219924	1.434794	2.220487	1.310944	2.727022	4.605359	
-0.192632	1.239757	0.602428	0.175606	-1.175895	1.318448	1.424256	0.758015	-0.256211	-2.204378	
-0.421346	0.600275	1.409496	1.138588	1.132510	-2.884282	1.902402	2.526304	0.666718	0.718345	
1.944101	1.074936	3.956467	1.403287	1.920786	1.438299	2.688249	-1.098823	1.333026	2.587974	
1.224191	4.175025	1.069633	1.764110	0.292726	2.702949	2.006677	1.573931	1.574245	1.837932	
-0.025945	3.463785	3.365489	2.518850	2.873879	3.760291	1.869288	2.893490	1.108016	2.507735	
-1.653979	-0.201049	-0.840865	-1.236164	0.150551	-0.034898	0.691495	-0.942953	3.134690	1.594673	
4.139293	-0.065061	1.164621	4.257202	2.614816	3.051317	2.841691	0.689408	1.484481	2.584590	
1.458999	-0.129417	-2.834544	-1.322882	-1.317615	-0.991786	0.181062	-0.949278	-1.608811	1.942134	
-0.439611	-0.053441	-1.982616	-1.082042	0.234824	-1.552126	-1.808887	0.794271	-0.869808	0.406210	
1.609540	-0.200193	-0.565957	-0.870756	0.109300	1.457197	0.123458	1.330074	-0.100526	1.543956	
0.440379	1.634849	3.045118	1.985907	1.825148	0.471551	2.428471	1.014187	2.811148	1.693232	
4.540606	1.806509	-0.314868	3.769753	3.901536	4.984176	0.811401	2.649235	0.997810	3.858460	
-0.807828	-2.165983	0.987452	-0.768959	0.729351	-0.133603	-0.081128	-0.907843	0.219847	-0.413569	
0.579347	-0.461955	3.253507	-0.267317	-0.211431	-1.698457	1.611837	0.132246	-0.754620	0.526559	
2.236269	3.216182	-0.195954	2.053352	0.730604	1.337607	3.038419	1.900223	3.747736	0.323292	
-0.925363	-0.323678	-1.968497	0.129011	1.225990	3.383721	-0.034555	0.916313	-1.826901	-3.016154	
2.773979	6.816052	2.758454	0.137778	3.391103	5.889269	2.444792	2.021812	2.205206	2.548523	
0.202480	-0.073577	0.528769	2.741113	2.798079	4.060985	2.464061	3.950505	4.087260	1.547300	
2.352401	3.569773	1.840288	0.792185	1.068843	0.937208	2.786360	2.077100	0.724222	-0.630523	
4.023563	3.550335	0.385296	2.046523	4.134929	0.402928	2.717303	1.615176	1.653028	0.413787	
-0.331326	-0.010722	2.310266	1.813555	1.987951	0.451273	2.922127	-1.016930	0.777111	-0.321058	
1.667902	3.135830	0.090662	-0.513030	4.650071	2.373431	1.705228	0.553522	2.908281	2.818206	
-0.505353	0.420288	0.308233	0.906108	-3.082892	-1.757547	-2.747399	1.699160	1.882892	-1.307881	
0.399213	2.046116	5.359313	5.226885	-0.623956	4.268155	3.537639	4.850644	2.471514	3.563179	
2.475270	1.899410	2.939381	1.331291	1.643235	3.155798	2.962906	1.560346	-0.514795	2.021475	
2.137109	3.329976	3.087590	2.224275	1.417110	0.828784	2.595968	2.239857	2.578521	1.624894	
3.938059	3.169287	1.030125	0.912565	2.276321	0.489218	2.046456	-0.062088	1.220547	0.672726	
3.109450	2.522400	-0.521264	2.121080	0.225170	0.907162	3.197152	4.921495	1.835127	1.929820	
-0.314224	1.596668	3.623976	1.686810	3.926997	1.302085	-0.563427	1.944341	2.907666	0.681528	
-0.350527	-0.917286	-0.187106	0.929914	0.961292	-1.156930	1.626785	-0.428613	0.427243	0.319371	
1.337444	2.894056	1.269389	1.926711	1.919819	1.513327	1.934503	1.945328	3.728952	3.242783	
4.335948	1.992522	3.000221	2.704717	3.674787	4.121172	-0.915637	2.158555	3.371161	2.139226	
5.685693	1.286361	-0.171927	2.690975	1.015935	1.296674	2.412596	1.200776	1.704121	0.343934	
2.066894	1.063371	2.248517	2.263846	1.749848	3.431168	3.393932	1.576735	0.500046	1.950674	
0.466115	-0.235518	0.684990	1.029251	-0.246450	2.220926	1.235481	0.218834	1.333120	0.473730	
3.194237	4.250039	1.511743	0.610458	1.612355	1.548967	1.482721	1.915009	1.654614	2.369063	
-0.158228	1.320457	-1.022143	0.267036	0.407754	-1.668504	-0.004366	2.033624	0.722255	-1.943715	
-0.069346	3.179712	-1.323849	0.061012	1.833587	-0.028993	-1.526731	2.685312	-0.176046	-0.956706	
0.724310	0.396154	0.411611	-0.399184	1.127428	-0.360096	0.536724	0.547237	-0.506786	1.000416	
4.713251	2.535339	0.862688	4.247442	0.895548	1.788553	1.426667	3.049294	2.069903	1.308196	
0.167576	4.632177	3.397025	-0.333519	2.117078	5.658962	3.806260	0.057910	4.454492	0.052537	
-2.548936	-0.784931	0.227834	0.102537	1.441579	1.328359	-1.741440	2.178695	-0.001460	-0.952289	
0.709929	4.322516	2.121193	3.516659	3.587671	3.037544	1.077466	2.122796	0.126045	3.519261	
-0.192390	1.392737	-0.538533	-1.549880	2.461231	0.592532	0.445017	0.469681	1.766377	-1.470564	
3.963277	1.311965	4.317870	2.565762	1.686547	2.520950	2.041574	3.002457	1.189298	0.992098	
3.725680	2.046071	0.904453	0.705829	2.046432	0.022824	4.256555	3.976406	2.263206	-0.463509	
3.978821	0.796795	4.270433	4.037321	1.734486	2.976237	2.440092	1.936230	2.518078	-0.007058	
0.270229	-2.123928	0.235345	1.059110	1.454700	0.813326	0.796871	-0.150297	-0.297190	2.395238	
0.508440	3.002050	0.472487	2.605171	-0.450466	-1.204493	3.377495	1.221502	2.246515	0.698262	
1.788345	4.048517	5.218449	1.952528	1.708668	1.955045	3.123185	1.782299	-0.742358	-0.348014	
0.287201	-0.835419	0.095542	-1.890797	-0.635089	-1.339984	0.921304	1.420896	-2.248797	0.779385	
3.507826	-0.509031	-3.398408	-1.778645	0.206618	0.087320	-1.320370	-1.311826	-1.785223	0.529604	
-0.061721	2.826550	1.281390	0.881123	-0.463997	1.109513	2.084633	1.159535	1.614416	2.570480	
0.231601	0.667137	0.992423	1.844828	2.101191	0.461079	-2.598941	0.528610	0.099906	-2.495837	
4.300376	-0.054183	1.795823	0.842333	0.735807	1.417982	1.846836	1.462319	2.959019	3.305690	
-0.722880	-2.052890	-0.919021	0.190516	-1.598927	1.682447	0.730263	0.488821	1.318474	-0.729608	
2.329334	2.589028	3.007791	2.132291	0.366030	3.342285	2.679161	5.345260	1.108044	0.709478	
-1.053795	2.528268	0.270961	-0.283755	2.814463	3.278740	0.552942	-0.768858	0.038163	3.540399	
0.235190	2.041678	2.067821	1.832867	2.546055	2.283888	2.158889	5.021947	4.895560	2.765769	
1.082188	5.143102	2.945843	0.343229	2.302319	2.696029	3.536790	1.455095	1.511803	1.080748	
2.639570	-0.811733	2.263151	-1.897030	1.123952	3.735199	3.358967	-0.547569	2.618436	0.454320	
3.367488	1.144955	-3.799882	2.001621	0.282409	0.413044	2.467229	1.874724	1.326155	0.177831	
-1.793445	-1.876264	-1.217215	-0.553894	1.358355	-0.072188	0.130723	-0.722404	3.500306	-0.134266	
1.249127	2.029301	2.600265	4.886168	3.169289	3.328463	2.208072	1.453662	2.143090	-0.079694	
2.598108	0.853529	0.892695	1.883402	2.561223	3.949691	0.003616	2.971448	4.456373	2.795533	
-0.139913	-0.101440	2.179945	2.007678	0.556389	0.363197	0.611220	1.220980	-0.225205	-1.278601	
0.263474	-2.297704	-0.352863	0.657366	2.682128	-1.394619	-0.548153	-0.519366	1.468161	2.850314	
-2.211618	0.884807	0.110745	-3.136786	-0.444556	-1.326719	-2.386763	0.336249	-0.233933	-0.871348	
1.572649	-1.336814	2.372095	2.387388	2.025261	1.251919	1.602841	1.236654	1.985026	2.988633	
2.189090	2.084432	1.489680	2.455965	0.460681	3.600388	4.459350	2.369611	0.809014	2.878692	
2.257482	0.606259	2.728487	2.389779	0.421162	2.483045	2.517697	0.798556	3.592648	1.010478	
2.304548	1.920801	2.068346	4.770438	3.096840	3.419568	0.430781	2.669139	2.748289	3.806284	
-1.199587	-0.987675	0.553637	-0.804367	0.533178	0.233789	-0.358942	-0.007098	1.342586	1.020156	
-1.385361	1.566786	-0.108292	1.297319	2.079219	-1.006219	1.953849	-1.008567	2.469731	0.370070	
-2.130550	-0.782289	0.185472	0.850716	2.130695	1.011883	-2.428818	2.013781	1.490621	1.641462	
0.708947	3.380661	-0.762710	3.361793	6.260162	2.140626	0.081163	4.234185	0.177487	0.020482	
-0.570287	0.934158	-0.216176	-0.759615	-1.216164	-1.807806	-0.285486	1.496415	0.758468	1.233248	
4.298187	0.201199	4.276600	3.811845	5.314991	2.323894	2.312757	-0.038935	2.510778	3.388505	
-0.093840	0.209421	-1.484544	2.186363	-2.127970	-2.183124	0.917246	1.265282	-0.294391	-2.607031	
0.310746	1.611601	0.396011	1.840095	2.538660	1.264503	3.172687	3.351881	2.642238	2.324943	
0.627312	-0.233523	0.164978	0.892231	-0.427807	1.519416	-0.522555	2.812016	0.604622	-1.597752	
-0.624437	-1.877783	-2.026866	-0.629783	1.039560	0.449484	1.833327	2.312962	-1.325468	0.497060	
1.139661	1.075116	0.529870	-0.893389	-0.387206	0.131424	-0.802819	-1.329127	-1.172735	-0.887535	
0.836715	3.700075	0.003446	3.263317	1.307058	2.593874	3.217431	0.202701	1.328619	-0.681960	
0.574978	0.197491	2.167277	1.467667	2.790449	2.411513	1.615779	2.228995	2.740896	2.832356	
0.848965	0.129783	1.434358	6.218634	0.723365	-0.045562	1.152600	-0.010531	0.393280	2.653556	
-1.344891	1.326776	-0.026261	-0.435131	-0.352403	1.247242	-0.775324	1.486831	-0.659335	0.651365	
-0.748967	-0.289311	-0.365879	-0.077775	-1.661028	-3.107019	4.080582	0.427838	-0.125934	-0.674792	
0.439857	0.138523	-1.109870	-2.647646	-1.681959	-0.786296	1.106271	-0.128505	0.153577	-2.080292	
0.360798	0.152820	0.098842	-1.114182	-1.136156	1.671871	-1.265768	-1.007465	-0.783533	2.236962	
1.653378	-2.017054	-1.191774	0.161317	-3.098272	0.463003	-0.600024	-0.187908	-0.223767	0.150067	
0.028561	2.954370	-1.078422	3.115403	0.065809	1.888946	2.819483	-0.571370	2.086888	3.213459	
2.437113	0.776514	-0.272715	4.297437	4.265471	0.589597	1.209919	1.967113	0.825920	0.060265	
0.870232	-0.433429	2.564994	-0.869048	-0.117807	1.105372	0.162080	-0.559553	-0.736014	0.627908	
-1.375897	2.620596	0.463511	-1.042022	0.688568	-0.025729	1.581276	-0.193363	-0.650735	0.828985	
4.778667	2.192289	2.838213	1.230884	3.676591	2.685513	3.976172	0.473539	1.795378	1.887609	
2.012204	-0.360022	-0.552935	3.030596	3.122856	-1.218225	-2.298631	-3.250685	-0.840035	-0.673266	
1.868594	4.989311	1.290853	1.888329	4.024754	0.663866	2.834760	2.571361	1.314252	2.943630	
-0.704019	1.176562	-0.146160	-0.871614	-0.637087	-0.041643	-0.103769	0.626200	0.882079	-2.317108	
4.123385	0.090565	1.843273	0.284762	-0.180426	0.913012	4.379274	3.188458	4.037662	1.537138	
1.765402	3.519889	1.618777	1.370639	1.507445	2.042555	3.469359	1.739006	-0.029279	3.125930	
1.423851	3.148031	3.181099	3.170805	1.088217	-3.064539	1.876102	-0.729629	1.559968	4.077919	
0.070341	4.793937	0.920759	3.760587	2.895341	2.148564	2.582797	2.640574	3.265698	2.978018	
0.536113	-0.357015	-0.511696	2.288491	-1.996963	-0.087212	-1.531460	0.072681	1.633750	-1.608299	
-0.283543	-0.445328	1.222489	1.907708	2.547461	0.587750	0.261140	2.922946	-0.142373	2.210668	
1.028888	1.423303	4.253763	2.733496	0.127375	2.098157	2.397047	1.079621	1.707868	1.361722	
0.597706	0.479689	1.637634	-0.941163	-0.746524	2.897369	1.588011	0.119920	3.101048	1.080944	
2.279951	1.017678	1.793701	-0.730077	1.463028	1.429190	1.582718	2.434189	-0.031436	1.841648	
3.260706	3.475249	1.874091	2.601333	0.859116	2.991073	3.852615	1.275125	4.642899	2.673399	
-0.561653	-2.748239	-1.136498	-3.369513	-0.034149	-0.535526	1.428251	2.367278	-2.747845	-0.454833	
-0.052649	-1.759348	2.048717	0.204272	0.983226	-0.648813	-1.296692	0.214504	0.910188	-0.777337	
1.357654	0.895028	1.591876	0.057926	2.699634	4.460457	-2.061141	0.184697	3.385644	1.865933	
1.996479	4.577989	1.386182	1.400027	5.013438	1.023886	2.354021	1.895349	1.050820	3.137494	
2.065049	2.264250	-1.738227	-1.459387	4.919828	1.123526	1.418702	1.730357	1.734441	1.066400	
1.233268	1.745586	-0.772208	-1.341834	0.458131	-0.076252	0.381985	-0.162722	2.089844	1.054078	
2.900775	0.859769	1.338232	2.206333	2.262931	1.970432	2.510391	2.091225	2.497643	2.283726	
2.455513	1.861499	4.804409	1.879648	1.108606	1.106914	1.099298	3.170389	1.025145	-0.045253	
-0.207856	-0.585215	2.752030	1.370897	1.013167	-2.065206	0.184636	0.512159	-0.211468	3.846973	
0.309013	3.102314	0.540968	1.223178	5.137262	1.927276	0.162610	1.060735	1.880645	1.751398	
1.780820	-0.783389	0.195438	-0.101333	0.992253	-0.022617	-0.074055	-0.769882	-1.626699	-2.760548	
0.256827	2.649218	1.109413	3.609414	1.904681	2.810257	3.798204	-0.311629	2.918415	2.705998	
0.287875	4.786041	2.016442	2.375061	2.178038	2.906952	1.827086	0.028506	0.780494	1.383897	
1.595009	0.909473	1.749049	0.596829	0.214505	1.955838	2.618045	2.790042	3.160974	3.137179	
0.256541	-2.190712	1.108014	0.049062	-0.536054	1.721563	1.846825	-0.369504	1.714752	-0.013451	
2.317035	1.165279	0.863235	2.578248	1.321385	1.960543	2.965920	1.311367	2.989090	2.291132	
0.947800	-1.031334	-0.422141	-0.693726	0.521748	-0.626350	2.332332	-0.350287	-1.097057	-1.340272	
-0.407836	0.187641	-0.777839	-2.066828	-0.723523	1.796890	-2.162777	0.340784	-1.758031	-0.440930	
-1.252657	2.255708	-0.700960	-0.451570	0.176578	1.311120	-0.198063	0.805889	-1.106731	2.900154	
-1.064582	-0.624867	-0.322939	2.122007	-0.102199	1.662084	-1.227422	0.573609	0.357103	1.086976	
2.432828	2.047007	0.543157	0.952845	2.306264	2.231574	1.463935	0.340240	3.340545	-0.357209	
-1.034281	1.723856	-0.225646	1.365541	-0.562050	1.239567	0.738471	-1.514130	-0.612275	0.346463	
0.241737	4.733924	-0.307852	-0.140994	1.794053	1.354299	1.512112	1.751856	0.749091	-1.334249	
2.355801	1.299556	3.157484	4.874988	3.459618	3.017337	1.814158	4.178911	3.164782	1.257168	
0.994676	5.017850	1.698650	3.383247	1.904323	1.058899	2.225405	3.842818	0.772793	3.574625	
3.607312	3.103584	1.253382	0.478417	0.074198	1.166397	2.207003	0.430755	3.430223	2.824968	
4.718667	4.773871	0.935028	1.631575	0.641451	1.757104	2.985266	1.711485	4.376409	0.394206	
-0.431573	0.314176	0.132683	-2.330148	-2.028950	-1.267479	0.315505	-0.162729	1.562658	-0.518849	
0.720435	0.151645	1.346059	-0.139604	-0.553497	-2.923853	-1.592804	-0.340285	0.466401	1.013290	
-0.913467	0.192442	-1.521493	-1.343456	-1.312749	-0.377008	-0.576313	2.773235	-0.999134	-0.352617	
-1.051568	0.790097	2.712953	-0.318137	-0.527892	0.374523	-1.943162	-1.008117	0.626619	0.424774	
1.324215	-1.729662	-0.994629	-1.244404	0.186353	-1.553474	0.678622	0.399536	-0.019871	0.593146	
3.018486	0.994573	4.683976	0.668410	2.102821	2.418419	1.396969	1.552578	2.247936	0.249756	
-0.677949	-1.399263	1.751253	-0.165947	0.777410	0.193055	2.085253	0.713685	-0.564356	1.419950	
-0.089609	-0.148179	1.583851	1.980180	3.791761	3.374814	2.219163	-1.286865	2.867760	1.085084	
-1.550330	0.890090	-2.376341	-2.220919	-0.833221	2.567517	-0.420984	0.946685	0.776990	1.956881	
1.450092	1.792944	1.789835	4.229230	2.442149	5.362027	0.954104	2.316099	-0.616137	0.067294	
-0.345815	-3.275277	2.080906	2.470148	2.042105	0.443868	-0.335112	1.035355	1.291941	-2.045274	
0.921314	1.659241	4.649938	5.260163	2.284825	1.330547	1.891565	3.580279	0.070300	1.647182	
-0.726916	1.636296	0.401358	0.580293	-1.569811	-0.767852	1.374481	0.057840	-1.486715	-0.044292	
0.179836	-0.327235	-1.305894	-0.505238	0.273770	-1.429408	-1.772543	0.843832	-1.298284	-0.429441	
0.672878	-0.675696	-0.808730	2.455034	0.564877	-1.953536	-0.660908	-0.185744	-0.821575	0.293369	
0.873041	1.000424	2.491727	2.248844	2.103627	3.355670	0.791679	0.750137	1.779453	2.515999	
1.789932	1.507564	0.517040	1.859512	2.352310	2.599481	3.732324	4.087343	3.747398	1.579668	
0.445041	0.106847	0.232070	0.432168	0.983504	0.995385	-0.174834	-1.408006	1.159478	-0.124484	
1.486067	0.715857	2.070619	0.588955	-2.231329	-0.939332	-0.325807	0.226137	1.551927	1.695831	
0.768562	2.432366	-0.736652	-0.946703	-1.532409	-2.077737	0.367876	0.401140	0.626232	0.196820	
2.234591	2.235195	-0.397667	2.716743	5.873751	0.723447	3.107532	3.193616	0.698599	4.622826	
0.770673	1.818692	3.415626	0.630759	1.762625	-0.080638	0.812990	2.093784	1.743538	2.701136	
0.680569	3.844965	0.645066	-0.150187	3.896301	2.169188	3.000977	0.738281	-0.128605	0.410004	
2.989276	4.542130	2.144566	4.078014	2.141844	0.624624	-1.492527	3.987340	1.218572	4.208920	
-1.061423	-0.069763	-0.039356	1.067160	0.607121	1.127587	-0.495685	-0.502491	-0.891259	-0.522274	
1.365865	0.321856	2.383516	-2.421121	0.722601	0.611001	-0.267659	-2.980652	0.845783	0.871037	
-0.353307	1.649384	0.989288	-0.135046	2.337800	-1.525560	1.394055	1.388108	2.650874	-1.233117	
0.934577	0.641492	-1.099171	-1.205886	-0.360395	-1.835009	0.672921	1.288765	-0.058397	-0.955402	
4.120656	-1.066247	0.524271	3.257442	1.913882	0.433700	0.803104	1.428874	1.476069	-1.817510	
1.920736	1.670116	1.841396	-0.825951	0.336466	2.230854	-0.844971	0.850635	3.971286	2.902356	
-3.775022	0.579300	1.883741	-3.955876	-0.427226	0.375659	1.681906	0.588886	-0.531798	2.655235	
1.218294	0.585611	2.689466	1.134356	1.135467	4.266140	2.601350	2.785473	2.334774	1.347364	
2.569013	1.034042	1.107227	1.770851	3.212748	1.676491	2.974781	3.742069	4.227216	2.745899	
-1.163626	0.416862	0.745614	1.062292	-0.587174	-0.143843	1.392360	-0.432371	1.319907	-0.339267	
0.841131	3.305988	0.983221	3.005967	4.294580	1.275300	1.062545	0.066310	3.404512	-0.387423	
-0.349997	-0.411471	-1.083037	1.344746	0.101794	-0.804609	0.950998	2.489927	-0.631131	1.378973	
-1.998219	-0.522103	-0.275304	-1.202715	1.017934	1.032653	1.136039	-3.513611	1.390079	-0.615622	
3.239146	2.614680	2.597443	0.365917	3.908877	3.018292	1.571746	3.955970	1.839955	3.742267	
1.509795	0.464270	2.628057	2.423737	3.123119	1.035218	1.317846	1.636552	2.045275	1.744748	
-0.189575	1.473740	-0.637011	1.715983	1.740355	1.734258	3.204558	1.512537	2.405869	2.634612	
1.895071	3.729927	3.270316	1.217914	2.289165	2.360148	4.139932	5.318639	3.170453	2.796552	
1.123873	1.281535	4.472026	1.170743	3.793393	-0.532077	1.610164	1.611051	3.494246	1.607892	
1.738599	-1.352474	2.948648	-0.790237	-0.889434	-0.240234	-2.505600	0.251566	-0.930063	-1.599100	
-0.470649	0.856054	2.291045	1.443371	2.425689	2.064689	1.215639	2.721075	3.623758	2.440165	
0.170184	1.269044	3.333681	2.686945	1.091193	4.641501	1.149225	0.925165	3.514131	3.350970	
0.637846	3.763357	0.632851	2.021740	4.330819	3.218416	2.979869	3.243683	2.739964	1.313882	
3.962091	3.167555	0.496525	3.358191	3.504300	3.364584	3.308536	0.830898	1.141882	3.474218	
0.861225	2.663030	2.214289	2.976202	2.350555	4.794249	2.379368	2.116196	1.864820	3.169435	
3.300112	4.822210	0.971697	3.830964	2.846438	1.657968	1.649365	2.764443	2.541624	2.260782	
2.429890	-0.264345	1.387266	1.207577	3.198257	-2.129581	-0.393181	0.780346	0.894904	-1.585646	
0.400091	1.217169	1.687264	-2.290056	-0.045051	0.524532	0.357541	2.802222	-0.540543	-0.338375	
-1.700829	-0.649318	1.512216	-1.215664	-0.121574	-0.665007	-2.059121	-1.532795	0.053626	-0.359021	
-0.811991	-1.747820	-1.608289	-0.867196	0.122032	-0.954412	0.079560	-0.742514	1.366344	-1.299878	
3.190963	-0.232168	1.254419	0.631311	0.745474	1.657836	1.242457	-0.341166	1.296053	-0.433026	
-0.281871	0.854683	0.238088	-0.388889	0.196827	0.552003	-1.393789	-0.296088	-0.692803	0.495967	
2.214802	1.861900	0.549260	1.367193	0.779842	0.111340	2.269423	0.366686	1.379523	0.270674	
1.191807	3.612104	2.460131	2.608184	1.570752	0.450283	3.428199	1.663121	0.936029	5.009521	
-2.042317	-0.943471	-1.798622	0.722524	-2.780114	0.393917	1.418127	-2.002458	-0.228433	-2.237526	
2.761242	-1.379008	-1.139112	1.277442	1.361724	0.370614	3.768307	3.145802	0.733361	2.388261	
3.247054	2.752585	1.986118	2.009363	4.975201	-0.679743	2.919727	2.593658	2.085191	1.741042	
1.961197	-2.698786	0.474431	-0.699634	0.070697	1.030960	-1.704881	-0.117740	0.343376	-0.620567	
3.097674	1.579108	2.780730	4.154204	2.007575	1.185883	3.123678	2.991299	2.228476	2.659847	
1.826200	2.012004	3.336015	0.160048	1.748718	3.514052	5.189596	0.342215	1.592770	0.165072	
-0.004260	2.009330	0.896064	-0.164571	-1.129917	0.272824	-0.550765	-0.256644	1.447348	-1.711918	
5.021800	2.632093	-2.154176	3.084077	2.792088	-1.219664	2.761725	5.934547	2.645302	5.332403	
-0.146530	-0.402238	0.068155	-0.040602	0.002638	0.389718	-0.046646	0.138382	-0.822995	0.700398	
-0.221564	1.420547	4.167191	0.565620	1.473609	1.155266	1.379508	3.644203	0.684618	2.092316	
1.528960	-0.776827	2.544501	0.721884	-0.715890	-1.159845	-0.545198	0.826811	-0.648482	1.605401	
3.460139	2.079727	1.775555	1.034612	4.790192	4.483125	-0.240127	0.706702	-0.300126	1.144729	
3.995871	1.827491	1.487490	0.054397	2.334588	4.479353	2.958310	1.797132	2.554187	0.498394	
0.143216	3.696800	3.762479	1.938251	-0.020035	0.886049	3.185772	1.388050	1.822698	0.589251	
1.528627	0.814223	1.445412	0.667801	2.821766	0.607546	1.465155	2.995844	1.072467	2.270473	
0.679999	0.214275	-0.158013	-0.381647	-1.019019	-0.301703	0.566665	1.681557	0.964383	-1.396165	
3.471749	1.561123	2.652334	3.640624	3.959609	2.636601	2.808539	0.585725	3.148075	3.810637	
1.041382	3.215752	-0.121667	1.693798	3.014163	3.262734	1.351376	3.834634	-0.332774	3.561224	
-0.554589	0.521959	-0.576789	-1.422152	-0.142561	1.260418	-0.760143	1.731902	1.166561	-0.968762	
-1.102439	-0.922432	2.103726	1.583900	0.082498	0.523402	0.810783	-1.101633	0.677562	-0.521580	
0.181819	0.412810	-0.206323	-0.539193	-1.374303	0.183002	0.006613	-1.697687	-2.358355	-0.578836	
2.973207	1.361772	3.374144	4.816980	3.217254	2.227744	1.221709	3.391021	2.579331	2.528259	
1.415206	-1.400611	-0.002521	-1.233052	0.813333	0.161936	-1.380445	0.116892	2.232403	-2.168899	
0.556641	1.153758	3.980887	0.553855	0.997400	1.965042	1.996423	1.845546	5.185553	1.725918	
-0.065781	3.074146	1.354535	-0.215533	1.151148	-0.314125	2.568147	2.027881	2.890510	1.031760	
1.626611	4.010395	3.161920	1.472102	0.410627	0.929592	1.266178	3.245010	-0.498236	2.464525	
0.854479	-4.127269	0.754048	-0.782651	0.689617	-0.487381	0.492307	-0.635309	1.036234	0.147825	
-2.588482	2.129488	0.590025	-0.845463	-1.622362	0.827672	-0.840592	-0.936303	-0.640662	-2.306647	
1.837524	2.293960	2.586826	1.199528	2.287381	-0.177006	4.010586	3.300340	2.667319	4.763217	
2.350900	3.445741	0.896750	1.967005	2.634613	-0.500726	2.213665	2.626303	2.733332	2.596442	
-2.316595	0.652736	1.561653	0.567664	-0.696698	0.033388	0.153926	-2.049371	0.615069	-0.227512	
2.419544	-1.032164	0.825353	0.075167	3.034525	-0.462646	-2.105060	-0.925593	-0.497420	-0.082641	
2.876436	1.027906	1.076791	2.795583	2.594222	1.166788	0.352595	2.001574	0.485653	1.483036	
0.558814	2.638588	1.504207	1.288147	0.571301	2.164855	-0.678619	-1.345302	-3.163733	2.533977	
-1.460202	2.050105	-0.018791	1.753171	-0.289797	0.792279	0.096054	1.730045	-0.419678	0.491483	
1.715491	2.071534	3.369075	3.282085	2.210309	-2.766527	0.505073	-1.611076	1.042741	-0.001418	
2.294010	-0.446272	-1.382316	-0.234135	0.709549	0.335949	-2.562263	0.205242	0.379396	-1.255748	
0.632916	1.255125	2.801175	2.909131	5.850150	2.240056	2.900457	1.383869	3.509000	2.833776	
-1.859508	-0.354127	0.738515	1.106518	-1.879398	-1.541575	1.300046	-1.770656	-1.596537	0.306846	
0.962439	0.763284	0.226842	0.246745	1.456023	1.330016	0.966595	2.614081	1.194671	0.255215	
0.276067	1.743258	2.435044	2.684436	0.055532	0.359974	1.727712	1.227480	1.170065	-0.157429	
1.187525	1.211624	4.402414	3.677442	1.801488	4.231853	2.882203	3.205338	2.335140	0.911826	
2.532471	1.130930	-1.736228	-1.375558	-1.962305	0.125352	-0.292660	0.864500	-0.758612	-1.529446	
4.083884	0.840667	1.866011	1.618008	1.595298	3.757417	0.355256	4.983770	3.166582	2.608999	
-0.487684	0.808529	-0.205051	-1.592514	2.878682	2.248319	2.315606	-0.676167	1.994559	0.706822	
0.355528	-1.683348	1.709639	0.037849	0.330588	2.716589	1.680548	2.218119	-0.678304	0.604775	
3.909151	-1.353388	0.296629	3.929176	1.419725	0.959226	0.034333	-0.014528	0.902195	3.955537	
1.654162	0.580135	2.759582	1.111027	4.017791	4.046960	-0.721027	3.758385	0.818217	3.727033	
1.448123	0.716617	1.664283	0.598463	0.088952	4.413133	2.267240	4.198540	1.199159	-0.161474	
-1.602042	-2.532915	-0.108094	0.033100	-0.447911	-1.797245	1.571516	0.005970	1.404779	1.077307	
3.734171	2.490065	5.895598	1.225509	2.090083	0.195948	1.917758	2.217303	1.402563	3.051814	
1.213094	2.901819	-2.347462	-1.284002	-1.106813	-1.720593	2.709894	-0.563508	1.136114	1.294538	
4.325611	0.017620	1.561223	3.161117	4.388313	0.164171	1.767769	1.885474	2.341636	1.741500	
-1.357769	-1.153668	1.501375	-0.641434	2.191745	-2.773396	1.111658	3.201171	-1.677865	0.882609	
4.429797	1.294777	1.227014	2.108736	2.376996	4.207807	-0.810293	2.604088	1.466193	2.961206	
0.391311	-1.209757	-3.848003	-1.097008	-0.210464	-1.524129	-1.219887	-1.651670	1.160675	-0.489446	
0.051730	0.778876	-0.241338	-1.153703	-1.180358	-0.605890	-1.599911	0.998371	0.374244	-0.397722	
0.463799	2.083900	2.837507	1.601008	-0.073956	1.979248	1.776785	2.580848	-1.589174	3.712543	
1.583399	2.594250	-1.307758	-0.424162	-0.181349	-2.197795	0.633193	0.378520	0.155140	1.102495	
1.362764	0.852618	3.916326	2.727629	0.904904	1.171864	3.310378	0.569849	1.348161	1.328256	
0.581264	1.734030	4.436538	0.386602	1.147300	0.334737	-0.777092	1.046078	1.755994	-0.865668	
-0.349458	0.659493	0.684925	-0.378485	0.088775	-0.584321	1.461905	2.308057	1.811665	0.055098	
-0.264601	2.175792	3.308570	1.102190	4.055159	2.405981	1.821819	3.724797	1.881146	3.132531	
-1.008109	-2.828015	2.334547	-0.020787	-0.162727	1.451038	-1.624262	0.510357	1.337917	-1.283347	
1.382941	2.467752	1.788904	2.662433	2.082750	1.676143	2.428502	1.933967	0.924923	1.994943	
0.282045	1.019714	-1.318109	1.008846	1.521673	1.697131	-0.047039	3.338416	2.035371	-0.099661	
1.466922	1.645300	-0.030971	4.210579	4.016627	0.823380	0.621029	4.574604	3.094462	3.257017	
-1.325825	-1.063934	-0.248731	-0.354709	0.371644	1.215051	-0.056659	-0.031618	0.922017	-2.906083	
-0.798315	-0.686763	2.976534	0.783390	1.311256	-1.365544	-4.758390	-0.020581	0.391452	-2.804233	
0.529012	-0.581249	1.643742	-0.640696	-0.820545	0.738703	0.904249	-0.023251	1.748499	1.580660	
-0.581669	-0.959953	-2.442704	0.600399	0.576567	1.091740	1.676877	0.989251	-0.536247	0.118980	
0.713701	-0.145861	3.554707	2.128319	0.494882	1.151990	4.343481	0.543961	1.149157	1.157664	
-1.744368	-0.927238	-1.040104	-0.111577	0.216068	-0.819755	-1.296494	-3.550467	0.220257	-2.927491	
2.607255	4.980658	3.199128	3.275259	1.807439	3.899656	1.105358	0.525653	4.151604	1.044338	
-0.594413	-2.003245	-2.098310	-1.677034	-1.247479	1.014631	2.150961	0.706222	3.671514	-1.077017	
4.373412	1.237792	-0.644942	1.629441	1.940097	3.499405	3.252802	0.978131	2.416925	2.047145	
-2.044270	0.074721	2.889856	0.984000	-0.348238	0.166633	-1.736788	-0.165284	-1.291903	-2.529578	
2.629116	0.883336	3.093687	2.397012	2.361188	1.596516	2.423981	1.427202	3.810352	2.044296	
2.116406	-0.895568	-1.041173	-1.947654	-0.308435	0.379397	0.307766	-0.230855	0.239546	0.647811	
0.008279	0.420247	-0.503597	0.586306	-0.511821	-0.500732	1.666213	-0.349398	0.259302	0.181307	
-1.108497	-2.567308	0.323499	0.816579	-0.789265	0.634475	-0.541908	0.779363	0.045714	-0.099421	
2.098938	0.291795	1.480883	1.047906	0.467062	-0.586379	1.011511	-1.484176	0.263213	-1.063107	
-0.394538	0.750232	0.013906	-0.924802	1.328256	2.004801	0.300100	-0.705550	0.720062	1.162962	
-1.054481	0.923527	0.297521	-1.394611	-0.468388	0.558777	-0.549839	0.822321	2.644826	3.120554	
2.769184	2.609625	2.392967	0.949071	2.397582	2.008720	0.958853	2.631065	3.208209	2.619424	
-2.299394	-1.812043	1.015120	-1.163231	0.177013	1.108300	0.153331	-0.869864	0.167971	0.434040	
2.361090	1.365583	1.681191	3.546779	4.241475	-1.117366	2.270579	-1.232554	5.572132	3.989681	
1.880784	3.175466	3.247240	-0.232678	1.020743	2.680002	2.405705	2.296868	3.191417	1.780937	
2.115121	2.235644	0.714167	2.386641	0.435363	0.462723	2.112065	2.705649	1.856438	2.870185	
1.549001	1.041426	1.864456	3.755707	0.280548	2.811872	1.365137	1.504528	0.918755	1.221134	
2.035474	2.669334	2.552595	4.281805	2.898438	3.244970	3.486646	0.775997	2.706294	1.619314	
-1.369269	-0.686195	-1.938271	-1.105687	-0.199396	0.496243	-2.326472	2.192893	0.133841	-0.963947	
4.401918	4.123260	0.971653	4.064161	0.879647	3.042162	0.660447	0.806793	2.854584	3.013906	
1.552942	-3.936009	0.005340	-2.943483	0.741681	-2.144499	-0.841643	-0.018377	0.789559	-1.449879	
0.720938	1.749011	1.091165	0.890983	2.465424	3.237760	3.445790	2.377748	1.459092	1.857101	
1.002663	-0.693122	-2.405231	-1.214921	3.017137	-1.052063	0.335545	-0.405091	0.262451	1.678160	
5.534319	4.001560	2.207977	2.831235	3.031244	2.150912	-0.970019	2.152373	4.436347	0.774854	
0.972768	2.478760	1.762898	-0.690032	-1.480308	-0.762410	1.085616	1.547631	-1.755609	2.870902	
0.490274	0.380962	-1.327099	1.392720	-0.743327	-0.849205	-0.352484	2.517048	-0.115569	-1.522626	
2.277119	2.037962	-0.320121	3.118849	2.027374	0.192170	3.688817	-0.099637	3.365090	4.846816	
1.888454	4.077499	3.681374	-1.217810	4.503749	4.106669	2.567231	-0.213818	3.578618	4.121383	
0.419013	0.858845	-3.388959	0.334089	-0.482831	-0.630394	-0.131479	0.768863	-1.690208	1.083065	
-0.549374	-2.929097	0.151327	-0.586840	2.090709	-1.499130	0.703251	-1.414476	0.566740	-0.748863	
-1.010226	-1.099689	1.714239	0.959659	0.641731	1.287864	-1.298577	1.711876	1.202059	-1.354223	
-0.146927	-1.413601	2.125515	2.220810	-1.267079	3.416514	-0.073240	1.948008	0.055818	1.126050	
0.243992	-0.610364	-0.306784	-1.071084	0.833721	-0.512939	-0.018367	-1.156758	-1.472132	-0.806650	
4.442949	2.031734	2.621322	2.303124	0.689372	3.318852	0.272654	0.787554	-0.176630	2.290002	
-1.222424	-2.234343	-0.076043	-2.447246	0.839749	0.199453	-3.986260	-0.704111	0.427189	-2.092460	
1.358705	1.920205	3.915591	1.736083	2.591616	2.306300	1.551969	0.674552	2.066711	-1.008649	
1.378875	2.637140	3.362863	3.060140	1.932620	4.607453	4.383122	4.797957	0.401713	1.675812	
2.637844	2.938479	3.370099	1.997598	1.325320	1.594164	-1.802117	1.716940	4.731910	0.001578	
1.134191	-0.124400	-0.208483	-0.622615	0.035950	-0.225655	-0.819824	-2.466483	-1.440109	-0.701418	
0.756512	-0.651860	1.531989	1.182651	0.277294	4.417426	1.884642	2.620643	-1.331062	-0.499487	
0.297669	0.657157	0.299242	2.357033	-0.682652	1.082073	2.110624	1.877527	1.561406	0.509826	
3.739724	-3.272759	1.140299	1.503938	-0.713112	-0.328747	-0.546844	-0.518188	-3.455806	0.198473	
3.610401	0.836876	-2.041004	-0.588401	-0.212835	0.171233	-2.145738	1.037455	0.503176	1.760581	
-0.051517	-0.390966	3.000750	1.397000	4.065662	3.843435	-0.005319	2.811515	2.302197	1.451732	
1.558349	-0.586454	0.645888	0.065498	1.656056	-2.930480	-1.418556	0.814300	0.777760	-0.381655	
0.457218	2.298349	-2.116503	-4.331025	1.126086	-0.429873	-0.059406	0.380318	1.837484	-0.156976	
0.125078	0.458079	3.276796	-1.634068	-0.561391	1.665496	-1.324748	-1.844529	2.120307	2.348534	
0.002441	3.927054	1.608782	4.062913	4.482096	2.586685	2.822810	4.131546	1.009997	1.322362	
2.878282	-0.169346	0.964906	0.497351	0.636974	1.502892	2.948428	3.631505	3.097804	3.301543	
-0.002528	0.137815	1.997816	1.201412	-0.182517	-0.558057	-0.002988	2.651081	-1.789826	-1.580472	
4.066427	2.916175	0.429451	1.971077	2.976607	1.518333	1.646505	2.594043	0.570808	1.864532	
2.849870	1.157607	1.130083	1.558898	1.750818	3.074216	0.600617	5.745273	2.419041	-0.460334	
4.035834	2.323940	0.628559	1.123218	-0.245800	1.305472	0.165381	3.997314	2.611551	2.182552	
-0.477217	1.829840	2.831014	-0.492161	0.384494	-3.042768	-0.646830	0.151174	1.663190	-0.737375	
1.436665	0.231544	0.940220	2.978599	1.329586	3.218968	5.083614	2.333948	3.367337	2.756990	
0.281313	2.058800	1.471942	3.281543	2.333893	2.435530	3.501507	4.801184	4.197628	1.039008	
0.235882	1.043332	0.018338	-0.820088	1.586125	1.478227	0.131911	0.433191	-0.430409	-1.190968	
3.010540	0.926693	3.082337	1.785379	0.521385	5.787442	2.645237	1.403285	3.696929	-0.423817	
0.493998	-3.166322	-1.362009	1.220462	3.066302	2.121964	1.600210	0.740994	-1.212904	-0.609681	
2.820125	0.572738	2.661372	4.261069	4.891490	0.777591	1.906606	3.044304	0.994184	2.008110	
-2.862051	-0.023494	0.833496	1.594375	-1.748182	-0.130740	1.428187	-1.098091	-1.032254	0.714718	
0.781804	1.758649	0.909758	4.346143	0.557325	2.362137	0.045129	3.041779	-0.305082	4.000353	
2.408900	1.466352	2.743379	0.643030	3.198510	0.661937	3.545897	0.813330	2.928383	3.651867	
-0.496081	0.518337	0.621537	-0.039348	-2.235769	-1.280382	-0.424592	-0.377068	-0.799311	-0.374542	
2.876102	2.445398	2.248415	1.718837	0.957026	2.708925	2.058366	1.699616	2.193179	0.719605	
2.364194	-0.992630	1.466417	1.505064	1.830312	-1.163122	-0.302830	2.723979	1.353595	0.377556	
0.557983	-0.437630	2.318806	-0.555532	1.004558	-1.008886	-0.211433	-0.656283	2.150584	0.241515	
0.133674	0.754796	0.300415	-1.237776	0.487105	-0.560503	-0.026090	-2.775079	0.583107	-1.281474	
-0.075316	0.754370	0.642220	3.112524	2.026290	-0.042876	0.203968	-0.673307	-0.717385	-1.845791	
-3.277811	-0.279566	-0.234337	-0.263987	-2.565289	2.314260	1.680959	0.178311	-2.047499	-0.146174	
0.672939	1.672377	0.623598	1.477670	-0.482951	2.454283	0.330704	4.193481	0.641384	1.090672	
2.651036	0.935954	2.603251	-0.471773	0.309661	2.966146	1.813434	2.333615	2.429925	0.877523	
1.312844	-1.869471	1.907118	-0.067150	-0.891146	0.609722	1.630692	0.854188	-0.903144	-2.632925	
0.324539	-0.566560	2.552360	-1.640186	-0.045947	1.836779	-0.828642	-1.753060	1.806882	-2.341670	
0.672738	0.348559	0.908416	-1.299180	0.245819	-1.853689	1.335751	-0.069262	-0.373216	-0.449157	
-1.391339	-1.149314	1.940485	-0.063980	3.129606	0.251823	-0.829347	-1.528098	0.690275	-2.267336	
0.744944	1.684744	0.522546	-1.543530	0.693869	0.268580	0.070997	-0.561869	-1.320490	0.303015	
0.616228	-2.488291	0.571350	-0.219441	0.048558	1.099207	-3.516616	-1.720601	-1.157387	1.137988	
1.456470	3.060329	2.168046	1.545873	2.093432	0.811042	2.775616	3.210083	4.622105	3.131699	
-1.067741	3.425728	1.437110	0.346177	-1.740609	-1.172354	0.446959	-1.361663	2.252668	-1.298703	
3.144562	2.901900	2.568336	2.719541	2.192688	2.409960	2.419446	4.054385	2.448396	1.092568	
0.463082	0.227697	-1.238164	-1.928772	-0.696553	2.845907	-0.129657	1.973725	-1.474247	0.040117	
0.792333	-0.992569	-2.502980	1.576695	0.051116	0.039677	-1.421165	-0.017709	-0.677559	3.275729	
1.677097	-0.525521	1.010096	0.191803	0.853732	-1.409982	0.028060	1.334465	0.439971	-0.841079	
-1.417100	1.177152	1.664061	1.958257	-0.078469	-0.159823	-1.554324	-1.062669	0.916190	0.768251	
-0.792875	1.487506	0.460975	-0.910992	0.864011	0.225800	1.109277	0.677646	-2.456932	-0.944393	
0.027212	2.564895	0.179997	3.209575	3.934969	1.383727	2.369130	-1.968815	2.621707	4.959741	
-2.176554	-0.504968	-0.212053	2.645949	0.753373	-2.600597	-1.203250	0.028812	0.506693	0.749711	
-1.428003	-1.452230	0.022662	0.497610	-2.516162	1.081195	-0.947804	-0.647363	2.392476	0.088883	
-1.851199	-1.042055	2.891059	1.494644	0.253389	0.968573	1.029934	-0.828405	1.112619	-0.483141	
3.041446	2.822924	4.600586	2.766348	2.640301	2.365128	1.777343	1.222152	2.189656	3.867260	
5.059668	0.891604	1.752719	2.599782	1.257552	1.494772	3.280697	3.212694	1.986372	2.559731	
-1.756359	-2.718348	-0.112835	0.670354	0.819386	2.154953	-2.723088	0.330754	-0.235050	-0.413828	
-1.080260	1.449216	-1.344688	0.434656	0.382561	-0.500829	0.286143	-0.213252	1.260856	-1.872405	
1.932088	1.560000	2.172660	2.620233	3.072996	0.346985	1.247087	1.279510	1.550338	-0.945261	
2.921669	1.253643	4.124389	1.358847	0.576147	0.719276	2.005128	5.327911	2.139755	2.659503	
