0.903637	0.816481	3.394032	0.384166	2.238145	0.866756	2.473252	2.139395	0.761078	0.261508	
2.476749	2.097341	5.098469	1.325669	-0.380305	3.129950	2.033370	0.413817	1.715411	0.534365	
0.183652	-0.400386	1.386904	0.349149	-1.434853	0.619775	0.469229	-1.441717	1.774243	-0.595483	
2.670168	3.305082	2.279689	1.983221	3.944666	4.974705	2.923902	2.367127	3.916022	-1.045328	
-0.353759	-1.047580	-0.513444	1.388274	-3.791403	0.126248	-1.060678	-0.726735	-2.150744	-0.731766	
0.340124	-0.990817	0.261347	-0.042777	-0.271669	-0.921338	1.092597	3.189190	1.445522	-1.392850	
1.823711	3.912515	2.892299	3.708310	3.256498	4.065130	1.795019	2.048088	2.352229	0.799752	
0.501529	2.021343	4.375488	2.242610	-0.685980	-0.221711	2.987689	0.099037	0.896505	2.721967	
2.477454	3.423492	0.662766	1.493488	1.547844	3.304510	-1.716254	0.611599	2.494260	-0.547114	
0.823400	0.084213	0.937663	3.503189	2.850344	2.297888	0.767260	2.092327	-0.447189	2.373754	
2.918055	0.577811	0.435982	2.346574	3.886738	1.945690	0.196798	2.269147	0.711503	1.143753	
0.688620	2.178236	2.614625	1.723625	3.187387	2.096765	3.402566	1.512892	0.762596	2.568131	
-1.419535	1.625607	0.166306	2.402925	0.703608	1.969983	4.798587	1.651120	-1.189227	0.413271	
-0.104413	0.537790	-0.846925	2.721874	-2.394841	-0.105910	0.093718	0.903263	-1.679510	-0.544774	
0.617203	2.495496	2.938197	2.369271	4.355904	2.988194	2.013945	3.209898	0.871289	1.439035	
3.150661	2.032246	3.705723	2.744528	3.532028	0.444783	0.671394	3.556567	1.661722	2.973931	
3.651705	4.692851	1.866570	0.491926	4.447535	3.847008	1.458380	2.450154	1.284365	1.065688	
1.876353	2.370986	4.100339	0.807721	2.017493	2.835840	2.106700	1.656092	0.926198	1.929536	
-2.420803	1.728200	2.382533	-0.546153	-2.342078	0.657556	1.978382	3.198653	-0.878846	-1.378343	
2.643926	3.017226	3.939009	2.860219	2.790346	1.107532	1.139807	2.827454	3.693520	1.937592	
1.037880	-1.915429	-0.389966	-2.067236	1.458116	2.854470	-0.395715	1.879283	-1.371613	-0.226691	
3.740477	2.894023	2.408454	1.150147	1.484611	3.846448	1.822947	2.174749	-0.335011	1.198222	
2.356083	3.514198	2.948638	4.122679	0.246782	-0.687322	-0.459498	2.298844	2.243181	0.137791	
0.660938	-1.889142	-0.427440	0.016478	-0.972830	-1.100142	2.071749	-0.923258	-0.337338	0.342748	
0.423962	0.685335	0.780644	2.931161	2.107710	1.732918	3.166096	0.426947	-0.446662	1.424593	
-0.939339	1.329311	-0.744994	0.761715	-0.197651	0.552393	-1.975525	0.338310	-0.535508	0.356785	
-0.142534	0.902852	1.021383	0.030006	2.336435	4.149851	4.348522	-0.772827	3.176703	4.424567	
0.752164	1.308418	2.732390	-0.930533	0.928921	2.727657	4.925492	3.552588	3.431903	0.602446	
-0.227688	-1.038732	-1.815563	2.442335	-2.770506	2.474494	-0.691002	-0.342441	0.670101	0.833972	
4.313265	2.704880	0.542016	2.794425	-0.077774	2.606382	3.990957	3.644172	2.640849	3.525613	
1.204848	-0.099975	3.128861	1.861835	-0.275215	2.506197	1.398869	1.703855	1.255461	2.639122	
0.941523	0.463830	-0.595923	-2.029147	-1.892610	0.067258	2.349729	0.785209	-1.253552	0.727820	
0.955512	1.811287	1.613881	0.943935	0.237161	2.574273	2.227236	1.390305	2.530468	5.052937	
4.781383	-0.484891	2.193874	3.047100	1.208738	0.536789	3.052964	2.800437	2.265849	-0.474737	
1.228663	1.040743	-0.214288	1.146280	-1.806562	0.621363	1.404124	0.156371	0.025871	-1.977686	
4.060937	4.524296	2.063505	2.676999	2.762597	2.239550	2.863391	2.219143	0.191638	0.960020	
0.840541	2.455505	4.077633	1.844358	-0.087546	3.481914	1.577585	4.796054	2.632648	1.143541	
-0.051974	1.518016	0.528857	-0.961375	2.195066	0.447335	-0.077477	-2.552695	0.369425	-0.526119	
0.400696	-1.615702	2.152708	-1.228345	3.229097	1.915998	-2.483859	-1.006613	-0.564035	-0.932864	
-1.568920	-1.231817	0.426482	2.401478	-1.542686	1.371127	1.244105	-0.390613	-1.309869	-0.100321	
0.098901	1.226378	-1.267953	1.899305	-2.095276	0.397617	-2.775436	-0.326664	-1.386955	-0.363244	
2.259065	1.594344	1.007754	2.996929	4.336653	3.041356	-0.746039	3.062740	3.127247	2.713401	
1.232151	2.635940	4.847147	2.487440	-0.406834	2.930900	0.958667	2.807853	1.122802	0.785850	
2.263657	-1.176356	1.871581	1.845963	4.099495	0.708604	2.400157	0.541575	1.248487	1.898176	
2.403681	3.316372	1.567412	3.572667	0.698166	0.439155	-0.493002	1.118804	0.861025	2.536685	
3.834830	3.243553	-0.054067	1.584223	2.690226	0.962524	1.584178	4.114476	0.910636	3.327785	
2.386865	-0.194551	1.113777	4.217851	2.740125	2.600202	1.011859	1.555341	5.002471	0.613880	
1.081356	2.900638	0.736941	1.634576	2.233149	0.215743	2.379469	1.533101	4.481996	5.071104	
0.179347	1.344773	-0.828826	2.536513	-1.488949	0.439752	0.606490	-3.590762	1.882940	1.564599	
-0.823794	0.272182	-0.220123	-1.050353	2.340973	0.647481	-1.021621	0.547644	-1.505650	-0.579896	
1.276504	3.083503	3.430118	1.512365	0.628154	1.509169	1.029991	0.493044	1.668704	1.019988	
-0.141389	0.354789	0.283610	0.266955	-0.070499	-0.868724	-0.838248	-1.896726	-0.352741	-1.257249	
3.314005	1.638281	-0.309866	-0.044243	3.618097	2.064059	2.619891	0.248894	0.835731	5.363609	
1.103353	1.829252	1.111188	0.402716	3.227636	2.772788	4.625030	3.910348	2.490504	4.068818	
-0.231026	2.901461	0.522388	4.133997	-0.217720	3.836508	2.218290	1.446016	1.556445	-0.040581	
1.699789	4.391929	2.745964	2.346365	4.385170	3.382401	3.564353	2.240393	-0.070865	2.754065	
0.936890	1.332251	4.483376	1.841394	2.157799	1.824900	1.115072	0.610223	4.260354	0.932821	
2.399295	3.201746	4.412289	5.219763	3.873880	3.127060	1.677621	4.528417	2.641948	1.505815	
-0.235446	1.089524	-3.651609	0.732588	-0.806459	1.024175	0.027411	0.839658	-1.481650	0.503568	
3.125931	2.402069	0.679998	2.881385	2.004263	1.106827	1.786894	0.613605	0.810650	3.009844	
0.053075	-1.869980	-2.290138	-0.559832	1.550891	0.206243	0.616022	0.541123	1.171635	-1.037279	
0.672400	1.295517	-0.404998	-0.209317	-0.901781	-1.616966	-0.414517	1.025793	0.586853	-1.051314	
1.438478	1.445562	1.223278	-1.091732	-0.248362	0.785364	-1.238759	1.022009	1.811670	-0.778917	
1.409742	2.473273	0.629583	0.879933	1.851021	1.785113	1.255319	0.849651	0.066665	3.800987	
4.890286	1.598158	1.453637	2.619619	3.231568	2.063818	1.874201	2.496338	3.070947	2.108396	
-0.459097	1.620855	1.960100	0.787802	1.266519	4.003061	1.470498	0.214875	3.033151	0.900514	
-2.209198	0.143874	-0.341282	0.843761	1.455308	-0.278623	1.789082	0.386250	0.103140	-0.611195	
0.892483	0.989237	4.546923	1.764924	1.233699	3.386531	3.263336	1.843195	1.534734	2.701936	
3.730733	0.946261	1.299973	1.217079	1.195222	1.222490	2.092870	0.349066	2.164549	1.945902	
0.073268	0.832347	2.211664	1.131266	2.002085	-1.456021	1.217669	1.492237	0.861400	1.960496	
1.722016	2.242930	2.348056	0.721985	2.071181	1.368423	0.866473	0.282030	2.912331	0.555613	
3.606380	0.608231	0.648476	3.186249	1.402614	0.707132	3.442444	2.356628	2.581703	0.977387	
1.081163	-0.081237	-0.442655	1.526849	2.479566	3.934517	2.449827	4.844956	3.918744	0.989318	
2.423034	1.088537	1.033936	1.604465	5.791958	1.514979	3.601879	-0.122719	1.379328	3.865850	
2.183463	0.609218	4.224486	1.096038	-1.187052	4.486087	1.817815	0.459415	0.964433	1.501988	
1.823752	0.558628	1.514463	1.030541	2.077440	1.514344	3.969665	2.503170	2.224757	2.427601	
0.082436	-1.033060	-3.852022	-0.475588	-0.557877	0.100636	-1.734080	-0.306207	0.558028	-0.778993	
0.338122	-2.562877	-1.657666	-0.111058	0.649467	-1.211042	0.412568	0.986333	1.530210	-1.815706	
3.463369	-0.195307	-0.629312	2.055847	0.621141	1.266983	3.606518	2.528737	5.338202	1.006040	
3.682577	1.689816	4.050736	0.529361	3.932978	1.219047	1.026094	0.963873	3.664331	4.429039	
2.321502	2.022422	2.077294	1.542270	2.245562	2.321442	3.340849	2.608442	1.820048	-1.717804	
-0.701969	-0.124928	2.661348	2.520187	-1.593090	1.273595	-3.944546	-3.381524	0.516151	-0.184724	
-0.523757	1.310370	3.829606	2.249896	2.127178	5.224630	1.266362	0.661158	0.501154	3.340641	
3.802269	2.231019	0.822169	-1.800658	0.631539	0.193097	3.137679	2.981865	1.675243	3.300227	
2.259409	2.228068	1.587567	0.659182	0.926881	3.996467	1.663796	4.676939	0.514060	-0.555055	
0.102545	0.702271	1.081301	0.172465	1.842789	-1.073509	-2.362985	-1.678156	-2.748608	1.500965	
0.281456	-0.789738	2.158943	1.828160	0.181949	1.996067	-0.929083	-1.404007	-0.945348	2.038226	
-0.691384	3.188916	-0.631934	-0.111009	2.067351	5.493528	3.053224	1.477700	2.799967	3.952388	
-0.639838	0.421805	0.687913	-0.369924	0.176655	-1.733398	-0.497849	0.681867	1.500893	-1.860990	
0.276878	-1.573391	-0.402355	0.149148	0.771404	1.038944	-0.642394	0.633066	-0.755002	-1.907531	
1.739067	1.904400	0.457851	1.510059	3.576017	1.761205	2.095703	-0.004393	0.623609	2.020632	
2.217556	0.333539	1.019957	4.257133	2.352953	1.265046	2.251178	0.751283	2.071186	2.779805	
1.256224	1.214671	-0.075116	2.185964	-0.016610	4.992301	3.141875	2.145415	2.404021	4.432433	
2.947905	2.210245	3.517971	2.068513	2.786001	1.600240	1.838858	0.446166	1.519181	2.981763	
1.991167	-0.029250	0.335233	-1.169515	-0.682559	-0.637816	0.604412	1.582278	-0.399829	0.033126	
0.208396	-1.733650	-1.895639	-0.171676	-0.341102	0.202231	1.983297	0.675537	0.498304	1.940836	
2.789017	1.493251	1.896020	2.299714	1.782243	-0.577397	3.342431	2.193926	0.837957	0.677948	
3.306486	1.822956	2.484281	0.728235	1.570378	1.036531	1.597301	1.490426	1.562712	0.666413	
2.122527	2.373908	1.388383	2.582454	4.632063	-0.539036	3.080420	3.143146	-0.050775	2.569877	
2.344596	-0.678538	2.415279	2.442285	2.583766	1.375063	-1.115959	3.017368	2.852161	2.648285	
1.134782	0.742241	3.297166	2.777642	-0.181090	3.405197	2.117734	2.548616	1.222270	3.030882	
-0.877643	2.260285	-0.262532	-0.600573	1.004885	-1.132005	-0.239741	-0.829852	-2.916307	0.317883	
1.552427	0.567457	1.515791	0.598962	-2.539199	-1.393963	1.366580	0.067715	2.521726	0.318304	
4.820767	-0.394805	3.107972	0.732242	2.106463	0.338491	-0.018042	0.894133	0.411309	2.196171	
0.197700	0.120044	-0.629586	-0.781525	0.400259	0.932897	-1.495753	-0.500307	1.569916	2.134026	
1.017420	3.615625	3.874476	3.509553	2.006391	-0.103871	1.725001	2.269276	2.165000	3.819045	
3.254547	1.721708	2.079366	0.492829	0.905245	0.636958	1.343703	3.893874	2.768910	3.272911	
1.559330	0.405516	0.462081	3.205753	1.098850	2.984883	2.047377	0.872734	2.697617	2.982374	
0.122491	0.305393	0.885871	2.047293	2.696077	3.543918	2.377554	2.425797	1.061617	1.627375	
2.170575	3.919686	-0.236138	2.300492	2.906589	0.282528	2.448803	-0.749746	3.591217	4.996659	
0.828137	0.979473	1.308641	2.578653	0.529027	1.173161	1.931331	0.975359	0.324666	4.649593	
-0.062755	-0.586879	0.150560	2.238461	-0.159382	-0.826485	-0.318387	-0.734654	-1.143165	-0.142507	
2.479682	4.858254	3.089768	2.975851	0.520292	2.460262	2.042618	1.218304	0.849488	1.579651	
0.320169	1.966191	1.896669	1.937315	2.725724	4.753531	-1.175689	0.548358	2.234362	0.013717	
2.717189	2.438510	1.921083	2.889322	2.106228	3.808192	2.391066	1.175207	1.429431	0.518926	
-0.190796	0.740575	-2.452125	-0.106470	-0.159108	1.781663	0.064606	-1.379222	-2.069204	-1.158985	
0.321815	1.342519	0.225132	0.679426	1.345970	1.539192	1.840069	3.023332	-0.076954	-0.117967	
3.440389	2.017182	2.734551	3.110338	-0.025269	2.960827	1.233162	1.440983	3.864511	1.935145	
-1.780603	-0.506797	2.485986	2.860715	-0.573184	-2.801293	0.111644	-0.805388	3.110068	-0.647474	
-0.323817	0.925921	1.667328	1.643065	-0.343483	4.606904	2.669824	1.145298	2.594354	2.996885	
-0.594778	-2.877122	-0.569409	-2.543223	2.252970	3.599570	0.997299	-0.704486	0.509261	-0.287415	
-1.375959	0.595993	1.750441	0.595119	0.151302	2.405154	-1.088514	-1.301071	1.930852	2.108920	
1.073219	1.601885	1.751811	0.222710	1.124485	-0.142780	0.885637	-0.039157	-0.618455	2.735957	
3.779164	1.945093	2.790298	2.461077	2.229379	5.667593	2.631311	0.069280	1.918918	3.373251	
4.750607	1.516739	0.946477	1.089134	1.585367	3.310468	1.386985	1.277384	6.430863	1.872762	
2.629707	2.246165	0.379451	3.600100	0.918548	0.836492	0.842058	3.153442	1.161901	1.199254	
2.969574	0.048053	1.904185	3.601275	0.911565	2.559023	3.082555	2.395627	2.392215	0.703434	
0.778036	0.390788	-0.373496	1.008783	2.378951	0.600689	0.678447	-1.119266	1.040618	0.316409	
-0.558125	-1.946907	-2.008644	0.923290	-0.396860	0.397288	-1.432118	-0.676671	-0.613233	-1.828006	
1.233432	-0.186389	-0.141203	-3.606848	-0.010710	-1.067397	1.699122	0.944481	-1.607349	-1.097479	
5.777059	2.364307	3.884143	1.299861	1.436570	1.373255	0.203846	3.031456	4.993227	0.579084	
0.789125	1.770480	0.544340	0.797444	-0.210137	1.119938	1.818950	1.369395	3.170192	3.625234	
2.549064	1.599621	2.879227	3.069392	0.411472	2.346444	1.431207	2.780835	5.574477	2.063944	
0.815339	3.739131	2.884972	2.783841	1.862263	0.940892	0.578405	4.606331	1.617705	2.744939	
1.384208	5.728520	2.642943	2.022188	0.046750	2.703110	1.364310	3.224796	-0.410657	1.223762	
-0.695333	2.264541	1.312649	1.316049	0.868501	-2.187323	-1.678090	1.614864	1.804650	0.081924	
1.983318	2.753971	3.312659	5.187399	4.104061	2.565266	1.628183	3.346230	-0.564195	0.257690	
2.163204	3.255471	3.557940	-0.297456	3.550802	2.602157	1.413484	2.596733	1.024293	1.903262	
2.603743	1.134891	0.875717	-1.418449	4.025953	3.297717	0.287413	0.893268	-1.034059	2.793371	
-0.495756	2.081244	-1.277692	-2.325301	-1.950239	0.332286	1.257280	0.703711	-0.238621	0.708538	
1.629883	-0.378570	-0.614097	-1.917243	-0.995393	0.224358	0.642658	0.441281	-1.514865	-1.432059	
1.030749	-0.207867	0.076897	-0.633847	-2.402277	-1.204166	-1.218651	-0.463275	-1.441318	-0.485931	
1.099920	4.538149	0.984792	3.500406	2.235019	4.669460	4.748800	1.163659	2.848170	0.790565	
3.316500	2.075476	2.898960	1.374755	1.125741	-1.496029	2.703064	-0.001812	0.388361	0.330018	
0.838442	3.134437	-0.567179	2.502506	2.449691	1.844819	3.500599	-1.946449	0.865215	2.007113	
1.717319	-1.995915	2.910306	0.775101	3.397951	3.970582	3.251316	2.761252	1.196656	0.208252	
-2.109803	1.428213	1.458812	-0.009077	2.401187	2.719320	0.318313	1.471104	-1.876544	0.638152	
0.124389	1.394869	1.685551	0.890577	3.682855	0.375002	3.077791	2.180618	3.161655	3.585137	
-2.297326	-0.523204	0.331480	0.369000	0.600487	0.754151	-1.995929	1.236706	-0.091644	0.772836	
3.009823	2.549528	3.980310	3.561315	0.095526	0.564562	2.694582	2.230079	2.465989	0.309613	
0.684844	0.094646	0.079910	-0.818712	-0.972759	3.053579	-0.705069	0.292447	1.158022	-2.401493	
1.562715	-2.855955	2.387203	-1.244136	-0.080273	-0.516497	-1.219318	-1.162328	-0.298039	-1.366737	
2.575695	3.609052	2.000994	3.794340	2.121311	2.130781	0.780060	2.968049	2.105363	3.068083	
-0.681583	0.468055	1.841821	0.512422	3.669020	1.251616	-0.256765	2.991604	-1.525510	0.515435	
3.581118	3.006030	2.064560	3.058408	3.130126	1.747569	0.490833	2.191316	4.267426	0.501003	
2.173290	0.630420	2.568509	3.380291	6.304076	4.072306	1.124339	3.178972	1.567475	3.576406	
2.452268	1.318395	3.297318	1.666783	1.246541	2.687502	2.613360	-1.329278	1.547215	2.054415	
-0.873245	-1.024511	1.226683	-2.979478	-1.485821	1.414686	1.292267	1.556518	1.235549	1.495207	
-0.888263	0.325851	-0.058342	2.396370	1.448782	2.712376	0.615333	2.465660	1.508277	1.142988	
-1.210082	2.608410	-1.208894	1.097770	2.176629	2.640843	2.384829	2.252858	1.897808	-0.844439	
1.529033	1.433326	0.383267	1.101506	-0.289406	1.317345	1.488822	1.747177	2.703583	3.982105	
-2.078636	-0.647082	0.553602	0.796170	0.438726	-0.781314	3.093311	0.233704	0.626799	-1.135886	
-0.905609	1.534323	0.407199	-1.742505	0.862629	1.179570	-1.261190	0.477308	0.367049	0.797164	
1.635410	3.602212	1.149387	1.867769	2.241492	0.703717	-0.368989	0.966425	0.922950	1.093022	
0.516140	0.322197	-2.700532	1.986277	2.012374	1.789636	3.509376	1.010566	1.040406	-0.736723	
1.421152	2.481136	2.285063	2.057623	1.813630	2.352826	1.121497	5.435641	2.359373	3.552481	
-1.725143	-0.047902	2.968434	2.109650	3.046319	0.489445	-0.338032	0.649317	0.123690	0.311872	
3.100670	3.605504	2.475112	0.110854	0.154921	1.700122	2.656089	1.533202	1.893377	1.116705	
2.144691	0.766366	0.439126	1.856935	2.759701	3.497904	-0.744223	1.336467	2.089779	4.194836	
2.152331	3.510653	0.191854	3.186195	2.716582	1.231343	0.408603	-0.840437	-0.270376	4.150289	
-0.279131	-0.282340	1.873175	2.016202	1.556934	0.460153	2.352781	1.051582	2.612462	4.085603	
3.093052	3.851660	-0.901794	2.386256	2.757464	5.073743	5.049856	-0.129539	1.758124	3.601958	
3.266731	0.997359	2.352891	1.224188	0.089331	2.843393	3.236714	2.853423	0.313000	1.821738	
-1.156060	1.014049	1.465237	-0.176664	2.343150	0.392798	3.365160	0.525407	0.743618	1.086027	
1.467843	0.733279	-1.738315	-1.587608	-1.032903	2.494797	-1.338662	-3.228538	1.575141	1.866776	
0.184849	-1.759553	-1.423475	-1.648580	0.986375	0.520232	0.347333	-0.608572	0.917606	0.098126	
0.789536	-1.092809	0.908653	-0.429527	5.165172	-1.291599	2.842710	1.935595	2.702264	0.806435	
1.510752	2.474682	5.012590	2.480052	0.234894	2.619367	2.591149	1.218580	4.123948	1.976119	
3.029561	2.690342	0.837586	5.330099	3.496972	0.468499	1.745108	1.922657	-0.152673	4.340854	
-1.475224	1.217663	-0.614541	0.660320	-1.952290	-0.553972	-1.067740	0.277431	0.879539	1.614013	
-0.308737	0.309396	1.836696	1.339761	-0.943207	0.738403	-0.210140	0.885151	0.269005	2.311674	
3.374533	4.147239	2.460372	-0.310508	0.262244	2.147159	4.483220	0.550975	1.818296	0.768233	
1.019126	2.408252	1.352389	0.736094	3.727707	4.440966	-0.364864	0.129106	1.658701	3.956709	
0.849740	2.715865	0.362842	2.048203	1.970082	3.245227	1.366987	0.926523	2.268159	1.431162	
1.880633	1.291252	1.965883	1.749743	2.308810	-0.494455	-0.820334	3.515874	1.957854	4.078885	
-0.914730	1.598539	3.266530	2.474401	2.441433	2.736246	0.164146	3.534773	1.541019	0.213619	
-0.103697	0.024698	3.194126	1.711508	4.241371	1.880900	0.189617	1.932657	3.498619	2.210790	
1.378135	1.428950	4.142653	1.488867	0.814658	1.675648	3.405449	5.370479	1.946668	0.787150	
0.334101	1.743465	2.769403	1.273587	-0.042509	0.742466	-0.090258	1.551571	0.878130	0.962260	
5.968283	2.737319	-0.012878	1.218626	1.188011	2.672161	1.533385	7.170077	2.314908	0.492664	
-0.574096	-1.752786	-1.218972	0.772393	1.156940	-0.358803	1.140478	-0.711308	1.728671	1.065417	
2.717242	3.669614	2.680473	1.343075	3.289996	1.772585	0.829740	2.819547	-0.454345	1.337188	
0.483596	1.299308	2.447669	2.794695	0.433725	1.639897	1.501119	0.743789	-0.149026	2.620169	
0.440518	-2.694553	-0.097215	0.663229	0.096400	1.443961	-1.647708	-0.912347	-0.622424	3.373363	
-1.402715	-0.392302	0.141171	1.864414	-2.748772	1.826772	-1.646767	1.127787	0.384856	2.628766	
2.316738	-0.493464	3.636947	2.995220	1.709189	1.536952	0.772231	1.911118	2.503010	2.045400	
0.616873	0.396343	6.344261	1.975534	3.227367	1.823553	3.344966	2.798264	1.080311	2.173053	
1.339866	1.483106	2.171545	1.570428	0.778579	2.097650	-0.246105	-2.154940	2.371599	2.916090	
2.737736	2.351618	2.596191	4.107579	0.422385	-0.332146	0.723308	5.053401	-2.147733	0.465074	
1.528096	3.318530	3.175729	1.342855	2.707139	2.960627	2.418945	2.545127	3.266482	3.259797	
0.810713	1.916791	2.227384	3.488784	1.739386	2.664783	3.383451	1.168801	0.625189	-0.092584	
-1.414257	2.992161	-0.953777	1.334997	-0.266802	2.974787	1.629122	0.954258	5.333026	0.762753	
0.011085	2.745774	3.093929	3.432934	3.332262	-0.768987	3.402695	-0.233258	5.343317	3.393625	
-0.150093	1.508374	0.805159	0.443254	1.448589	0.549965	1.326464	0.464215	-1.449105	-0.295007	
-1.642383	2.748902	-0.838385	0.368684	2.489194	-0.554589	-1.023791	0.832653	0.750647	-1.925204	
0.147721	-1.282905	-1.316329	-1.617666	-0.426874	0.956845	0.041237	-1.870623	-0.569015	2.324371	
3.100908	0.536844	4.162614	0.314062	0.374069	0.935105	1.233040	2.381592	-0.149668	3.631815	
-1.657518	-0.855956	-0.201754	-0.969472	-2.529649	0.627446	-1.908576	-0.860966	-1.158469	0.382195	
1.056040	0.266835	-0.529861	-0.875262	0.312310	0.347742	-1.360222	-0.046956	-0.354998	-2.778973	
-0.303521	1.907533	-2.490034	0.636559	1.503979	0.034467	-0.404673	-0.550434	-1.262174	0.328485	
3.314939	3.342722	2.781378	0.784420	1.977118	1.337853	-0.451505	2.517329	-0.001483	-0.490056	
0.461576	0.722743	1.548763	2.613206	0.251505	2.705487	1.158045	3.311305	2.674093	3.448501	
0.570883	1.041400	2.520853	2.614078	2.374275	2.005052	0.669309	3.547334	4.716688	1.155562	
2.414135	1.929650	2.821762	0.558217	1.583614	1.430296	-0.075379	1.823696	3.575334	2.427619	
0.883003	1.523773	0.592772	3.370061	1.508079	4.043847	1.263816	3.353714	3.646186	0.989710	
-1.017272	-0.303785	-0.785783	0.596027	-1.260932	-1.103972	0.390690	-2.093343	1.991779	-1.752316	
4.216363	1.763144	0.246860	1.269281	3.093297	1.862935	1.506908	2.057970	-0.018836	1.005381	
0.995951	-1.086118	0.151710	1.441134	-0.042349	2.090911	-0.981944	-0.026277	0.888093	1.948217	
-2.558052	1.249271	-0.257138	-0.876544	3.023294	0.317001	1.080622	0.762044	-1.591300	-1.658590	
1.226664	1.533462	1.532879	0.848539	1.743030	4.070347	1.092006	1.934452	1.342396	3.143340	
-3.024106	-0.915277	-1.411388	-0.689769	-0.416699	0.747571	-0.620660	0.057725	-1.754453	-1.120539	
0.637813	0.911430	-0.028813	0.518452	-2.426086	-1.405015	-1.423724	-0.367088	1.275414	0.588344	
2.633142	3.890842	1.881250	2.979482	0.529014	0.100548	4.848691	0.593867	4.395747	4.162247	
3.680206	0.977523	3.625917	0.482397	0.358505	2.296163	1.548722	1.933413	2.034172	-0.087121	
0.731675	0.469049	-1.483891	1.166872	0.199935	-0.049297	1.516060	-1.473760	-1.293224	-1.654256	
2.327245	-0.127920	0.790126	1.329366	1.339190	2.255654	1.614925	3.026030	3.881624	2.200649	
1.694903	-1.413046	4.293367	2.820949	1.783697	0.361336	3.094039	3.683731	4.095028	4.403164	
-0.926024	3.014236	0.432142	-0.813808	0.038682	-0.943581	1.066032	-1.262412	-0.674348	2.190806	
-0.129398	0.562148	-0.157555	-0.634975	0.862020	0.728957	-1.541712	-1.113576	-0.501656	1.615100	
-0.127992	0.601583	0.405265	2.231943	0.734157	1.141141	2.511379	2.984930	3.164991	0.716352	
0.639050	0.578597	1.232019	2.842920	2.231227	3.281686	2.711030	1.972392	1.649422	2.067923	
2.882553	6.988337	3.913790	2.232910	1.817171	4.286305	2.786372	3.637829	0.564306	2.401598	
1.433217	2.081421	-1.819549	-0.926336	0.814875	2.898774	-0.006345	-1.889302	0.145273	0.432933	
2.819193	3.143775	0.256113	1.575053	3.685249	3.014891	0.338759	0.671308	1.937773	3.103711	
1.852203	0.012804	0.465089	0.766585	-0.750217	0.722792	2.777598	2.465937	2.791711	2.097676	
4.492379	1.797364	2.282697	1.621485	1.164343	3.446949	3.300105	4.181628	2.571586	1.541219	
-0.459583	3.517499	1.671020	2.032056	0.550327	2.343500	1.675369	2.083133	2.138577	0.394628	
-1.646797	1.961401	2.195501	0.814042	3.214046	1.777325	2.306155	0.926491	1.798001	1.041808	
2.973265	1.678940	2.116355	1.461633	-0.802270	0.909598	2.317746	2.364400	2.886341	4.868769	
-0.932116	1.160529	-0.943896	0.740831	2.338741	1.551012	0.269319	1.616116	-0.689777	-0.176260	
-0.312150	1.413400	1.369271	-0.323635	2.313764	1.419024	0.717089	0.575687	0.945060	-2.605339	
1.159105	3.532575	3.206053	1.711115	1.044659	3.717725	1.318808	-0.145849	-0.229652	2.107680	
4.480927	1.407405	1.636613	3.903381	2.983634	0.206992	2.883657	1.421489	1.566699	4.848031	
2.589066	-0.529718	0.997702	2.805305	0.971264	4.829433	0.117834	2.131491	2.022999	0.646607	
-0.283358	2.225232	-0.094551	1.594206	-0.076479	2.013551	1.158635	3.328098	1.275728	5.372224	
1.319343	2.800189	-0.787810	2.251600	2.583606	-0.196655	1.793299	-0.333183	1.826463	-0.516169	
2.368542	4.172014	2.334578	2.969646	1.444893	2.042883	2.527428	3.035303	2.627004	0.952659	
3.134416	1.359608	2.272698	2.168719	-0.293064	0.103088	1.045235	2.083573	3.284121	0.234438	
2.821900	1.420332	1.369618	3.398119	2.965685	1.659724	2.412581	2.830402	-0.540275	0.731901	
1.455519	3.922089	1.000202	2.805063	1.803643	1.985672	1.361086	1.413819	1.830166	0.923760	
1.177623	2.460824	2.008998	1.395735	0.383842	1.652318	3.526592	3.275339	2.326466	2.548075	
-1.730679	1.314610	-2.646677	0.644046	-0.771883	1.909558	1.060530	-1.782394	2.532905	-0.948594	
3.978042	-1.874473	3.313338	3.380446	1.877008	3.209753	2.785517	0.421560	4.060730	0.129058	
-0.793088	0.849380	-1.371778	1.310995	1.057854	1.190180	-1.965716	0.483752	2.522725	1.382226	
0.307349	-0.214994	-0.637733	0.040138	1.761736	0.702428	-2.176630	0.521892	0.028153	-0.331220	
-1.308496	0.117395	-1.845357	0.961995	1.632624	-0.857864	2.957999	-0.244037	1.990193	0.570557	
0.496122	0.885702	-0.029315	1.250148	-0.045012	-1.270126	-1.179892	-0.071100	-0.781719	-0.832128	
4.163349	0.676998	2.671452	2.057829	1.698412	0.854612	0.591487	4.052561	2.271799	1.528864	
3.094670	1.354633	1.112349	2.377452	3.022585	2.371276	-0.061868	0.039125	1.175426	0.641808	
2.594950	1.531894	1.930211	2.812044	2.622462	3.792827	0.576425	0.798982	2.351973	1.001448	
2.391008	0.753953	1.809057	2.907596	4.022802	2.021410	1.400148	-0.566302	2.018879	-0.239372	
1.096113	1.301862	1.276158	1.523983	1.249197	1.285517	1.550352	2.887107	1.721826	3.129591	
0.622428	3.193966	4.990014	1.031871	0.560890	2.319364	0.741057	2.004375	1.105877	-0.725124	
2.765446	3.826712	3.637514	1.130315	3.807520	0.687208	4.253499	1.204797	3.503305	0.297707	
2.915973	1.416790	4.237411	2.787925	1.485462	2.919605	3.459479	4.104459	3.105023	1.029960	
3.539825	1.544025	1.891497	2.541707	3.850794	1.994948	1.327187	1.786142	3.559019	2.868821	
2.432070	0.901883	3.649921	3.438670	4.533526	-0.061398	4.950711	1.790793	2.761646	1.850498	
3.138601	0.868413	3.203277	0.461985	4.982286	-1.028340	1.292970	3.231841	2.268950	2.053190	
0.992031	-2.194139	0.327744	0.666982	2.368397	-2.269920	-1.439092	0.061993	-0.760506	2.427723	
-0.815368	1.372190	3.571859	1.752422	2.887815	0.907260	3.624981	2.175806	2.262280	1.003010	
-0.824219	1.548412	-0.319101	-2.647219	-0.040482	0.441037	-0.378329	3.157699	1.641870	-0.056087	
2.922086	2.936427	-0.559843	-0.254857	3.260306	3.718404	2.726383	1.859212	2.317138	2.637826	
3.135437	1.473781	1.739379	0.454457	2.253454	2.630476	0.961253	1.073930	1.325573	1.731352	
3.243751	1.842813	0.730985	1.021040	0.065689	3.386661	4.468082	3.397138	-0.773711	2.756682	
1.113389	0.435579	1.009755	-0.268765	-0.881399	-0.750373	1.197379	2.487766	-2.001679	-1.482062	
-0.934115	1.022487	2.041390	0.815329	-0.323999	-0.822189	-1.608739	0.488037	-1.123712	1.909075	
2.749929	0.186454	4.067699	4.379744	1.185360	1.592263	2.175821	3.221940	1.081955	3.047488	
7.630217	1.217301	4.538946	1.360666	5.124184	4.533232	1.032726	-0.092866	2.012741	2.570975	
1.073172	0.077473	-1.701144	-1.102286	-0.793749	0.079464	-0.995386	0.565344	0.667070	-1.884868	
1.646492	-0.187907	1.513331	1.475659	1.429099	1.817964	1.299243	0.772489	4.114026	5.147665	
0.328280	5.943448	3.454080	2.114358	3.421852	1.559422	2.041988	1.355979	-0.476461	1.240239	
2.884038	2.806621	1.283349	4.531616	1.757413	3.561240	0.987669	1.223605	0.525019	2.069924	
3.425248	1.611527	1.099671	2.951757	1.926547	1.717220	0.276184	2.868097	-0.791943	3.262118	
1.683794	-1.173184	1.112136	1.603227	0.885810	-0.267163	3.093114	-0.591501	3.194474	0.757461	
3.453469	1.040090	1.917288	3.720785	2.551223	2.477919	2.530041	3.252003	0.849724	1.028698	
0.119666	-0.735325	0.752202	1.026320	-0.570474	0.446698	1.180668	1.624765	-1.067328	0.543833	
1.769955	-0.466793	1.056290	-0.247626	0.440435	-0.795666	-0.040251	-0.108676	-0.281953	-0.351523	
-0.911718	-1.423703	-2.475428	0.004884	0.445579	1.253491	-1.088947	-3.897599	1.225868	0.254286	
0.223242	-1.358112	0.061892	-1.372170	0.634705	-1.228235	-0.971672	2.171702	1.632214	-0.499827	
-2.239025	-1.749243	-0.204440	-0.541501	2.021469	0.092920	-2.101441	-1.724102	-2.370080	-1.079502	
0.970856	0.688247	2.682547	3.201384	1.632373	2.818823	1.850146	0.189442	4.173340	-0.041766	
1.544871	1.000527	1.226350	3.302107	2.172174	0.981908	1.078815	3.353931	2.404919	3.408363	
1.530558	-1.014793	2.139619	0.536027	3.108870	1.752337	0.078088	1.891361	1.212311	3.986751	
1.895702	2.109673	1.686899	2.722739	3.942046	0.876474	2.045851	1.464557	5.164648	3.133829	
0.775532	0.734264	2.150592	2.403380	2.663059	3.729437	2.036239	-0.008359	2.546709	1.297760	
0.384473	0.853549	0.847682	2.395258	1.933102	2.884042	1.850340	-0.219606	1.505410	2.297643	
-1.554982	-2.196011	1.354123	0.777932	-1.262923	4.121389	-1.308024	1.095557	0.046665	-1.064030	
2.431997	0.903840	0.320284	1.601217	2.190933	-0.910097	2.188248	-1.040558	3.068306	5.631037	
1.439590	3.785628	1.354892	2.208478	0.039771	1.549184	1.579376	1.550391	1.640395	3.108717	
2.439318	-1.730731	0.050731	-0.481248	0.063617	0.475347	-1.567695	-0.327147	0.069374	-1.284500	
2.086369	-0.428827	2.378106	1.620534	4.826264	2.127080	2.881837	0.450065	1.546966	2.273225	
0.405526	-2.260438	-0.354536	-0.124161	0.431224	1.103110	0.068297	1.196099	-0.088917	0.501375	
3.798771	1.008493	2.786312	0.813237	1.363811	1.856688	0.669103	3.925593	1.990730	3.354824	
4.869090	-0.400941	2.917527	1.853760	3.376830	0.421060	0.738803	1.306327	2.158716	2.975774	
0.975356	1.821852	2.868281	2.683502	2.435062	2.103934	2.567746	2.776586	2.773026	2.989901	
3.251807	2.336719	0.594986	2.642411	3.795598	0.472602	3.401817	3.793216	2.773777	3.521121	
0.881632	1.500452	2.822995	0.631860	1.958652	4.251831	2.033920	0.926931	2.833057	4.584122	
1.679442	-0.569547	3.491287	3.527164	1.604270	4.995246	2.791450	1.993095	4.041642	1.346976	
2.657807	3.892896	-1.477693	1.417036	2.165179	2.521018	3.588870	3.141541	3.202713	3.408394	
0.873917	1.501111	2.238060	1.640842	-0.407553	0.363058	0.818789	-0.420871	0.319577	1.594982	
3.248513	1.912025	0.216112	3.368961	1.343924	2.494439	2.754314	3.650146	3.166161	2.150558	
2.272726	-0.303660	2.763945	-0.986884	2.874858	2.357043	1.070971	3.099587	2.519037	0.125590	
2.011511	0.963573	3.104733	1.599746	-0.017705	3.724198	0.953585	4.272219	0.949798	-1.100717	
0.398469	1.897085	4.635909	2.062769	2.667984	-0.079749	2.648810	1.886211	1.449730	2.069991	
1.594054	2.200022	3.021130	3.525456	2.790284	2.203704	0.945209	1.214666	1.760880	3.218045	
3.637487	0.869306	-1.153186	2.961236	0.308047	2.837154	3.842834	2.506834	0.446575	2.120283	
1.190085	2.700610	1.923692	3.220737	2.232765	-0.372624	-0.148927	0.237900	3.421933	2.586299	
1.034186	2.316138	2.413787	3.253044	1.652145	0.709340	2.296939	1.253002	3.562138	4.304892	
1.331650	2.488858	1.602469	1.755188	3.641687	3.311353	2.824634	2.013388	1.691500	1.393961	
1.118738	3.646970	3.563523	1.213014	3.558871	1.107769	2.072704	2.476868	1.490968	1.267836	
1.823210	2.660911	1.588821	4.312557	2.700523	1.354814	1.869163	1.193572	1.095689	1.878559	
-0.813301	-0.029072	2.282976	-0.203310	-0.449443	-0.768077	3.227889	2.038828	0.744787	-3.144607	
-1.813004	-1.176780	1.585670	-1.364232	1.145011	1.732949	-0.543307	-1.069017	-0.880347	0.766013	
2.792387	0.170560	1.170188	4.162134	-0.246085	1.249539	2.357236	4.253706	2.753149	3.676943	
0.543639	3.165686	1.332859	3.362786	2.205591	1.782258	-0.454602	2.089270	0.878317	2.185292	
1.847853	3.351735	3.119327	2.630425	2.102243	1.192688	0.801686	0.211685	3.812908	1.514752	
3.069779	0.612018	1.757868	1.858219	1.327261	2.516597	1.059685	1.608887	3.495983	1.681770	
-0.963486	-2.343318	-0.757831	0.076579	2.555459	0.314318	-0.183624	1.099471	1.474752	0.523787	
2.148187	-0.120210	1.204976	0.130248	0.300544	2.472000	5.336851	3.295716	-1.230957	2.799334	
1.382582	0.807695	-3.593330	-1.278423	1.075193	-2.225443	0.513431	-0.222344	0.457089	-0.529702	
1.741469	3.353784	2.084690	1.086264	3.786721	0.484482	2.123982	3.649978	2.898714	2.093077	
0.062801	-0.831077	-0.134700	0.249961	0.367211	-0.099149	0.600466	0.347973	1.434894	-1.665774	
0.174399	0.250397	-1.719086	-0.101039	1.424314	-0.323871	1.349606	-0.008929	-0.370979	1.257875	
2.611055	3.469649	1.407341	4.954897	4.521977	2.838106	2.968789	3.152159	2.350372	0.920486	
2.585697	-0.736149	0.139553	-0.820305	-1.396635	-0.394980	-1.468447	-1.554958	-0.773718	-0.854036	
3.388147	-0.122044	2.474732	1.515319	2.101487	3.006353	0.416094	2.875282	1.418178	2.659998	
0.873460	3.367279	3.605760	1.050158	0.360918	3.629704	-2.657162	1.478973	0.519743	3.644225	
2.077954	2.916251	1.106140	0.341344	1.107176	2.243067	2.967469	2.516830	4.832587	2.275578	
2.571245	0.745390	1.936589	2.976406	-0.107328	3.022667	1.517049	4.272990	3.777081	1.529501	
0.577905	4.509499	1.821936	2.200863	3.395294	2.695204	2.030112	2.450032	2.158995	1.208913	
2.172997	3.337333	3.124088	1.741132	1.675675	4.391067	1.160660	2.381234	2.516104	1.680272	
-0.900654	1.780656	2.738178	1.851280	1.812621	1.622067	4.685204	2.432452	2.375121	2.174788	
-3.179069	-0.710349	1.497905	-1.358207	-0.129253	-1.045834	-1.375147	1.970999	0.682066	-0.304281	
3.687662	0.281948	1.691909	2.987331	-0.840932	2.304664	1.025483	4.622944	1.586018	2.764005	
0.559665	-0.135511	-0.369835	1.382743	2.300353	-1.924266	3.041363	2.244479	4.742961	2.190701	
0.747536	-0.469991	2.163883	3.902727	3.728680	2.261129	1.359770	1.412840	0.392200	0.396924	
1.987553	2.253731	1.808599	0.230947	3.236652	1.609769	1.009763	1.743762	2.493400	2.972606	
2.021784	3.843733	1.950532	2.792135	-0.833426	3.432595	2.188525	1.303724	1.453746	3.670325	
-0.083763	0.190520	1.593457	-0.888815	3.252264	-0.521825	3.980795	-0.034356	-1.408399	0.972499	
-1.622005	0.022705	-3.051982	1.603310	4.816606	0.883627	2.636228	1.307550	4.202758	0.900250	
0.039700	1.523087	-1.885928	0.119974	-0.051225	0.895848	-1.436938	-1.563856	2.508513	1.611673	
2.676617	0.921568	2.070056	1.176985	3.555998	0.909448	0.946689	2.840754	3.032595	1.871429	
-0.609742	0.508312	1.677308	0.878889	2.287477	-0.721657	3.988378	1.102111	2.907492	0.880183	
2.307219	-1.438181	-0.835671	-0.055922	-0.198600	-3.230687	-0.819146	0.865767	1.820876	-1.562969	
-2.286294	1.467305	-1.901867	-1.186861	-0.129539	-0.099489	2.883584	-0.000587	-0.306378	3.916749	
2.946335	2.887069	0.754294	3.155417	2.694013	2.225870	1.434337	3.143781	-0.807247	1.649251	
-0.010747	-2.368358	-0.457002	-2.861796	2.532651	0.066491	-1.862722	-2.303052	0.311217	-0.888582	
2.495880	3.583195	1.087856	2.913915	2.815222	3.291744	2.494788	1.246522	2.645391	1.675238	
2.536329	1.409483	1.012940	1.830809	2.681902	3.567888	2.025915	2.801660	4.717380	3.490990	
0.522065	0.072278	4.874764	1.360435	2.651968	0.344248	3.499125	-0.448405	0.407754	1.211133	
-1.581153	3.606646	-0.116031	-0.082111	1.743275	1.108146	2.281600	-0.365470	2.581571	-0.689199	
0.069619	3.231337	2.300224	3.408552	2.041671	2.672218	2.474573	0.957519	1.103684	3.840991	
-0.720113	1.315928	0.857422	0.781002	3.005198	0.955501	4.973771	1.516971	0.146889	0.750568	
1.403472	-0.338141	1.527975	2.263132	2.431142	3.734166	1.593602	1.130094	-0.633003	3.824853	
2.244628	2.439597	0.296900	2.137389	2.557055	3.024814	0.972682	2.364039	0.828330	4.712647	
1.359115	-0.980063	-0.730913	1.778309	2.779626	0.640054	2.264354	1.273662	2.459091	0.149610	
2.057384	1.697802	1.160154	2.810758	4.069954	2.949109	1.025136	2.706578	1.540830	3.162815	
-0.856824	1.699271	4.222741	1.130660	3.496307	1.752350	2.968318	0.567581	3.550865	2.011762	
2.785003	3.145935	3.385856	2.875029	4.482288	2.430688	2.398584	5.865583	2.473242	6.042100	
1.351738	-1.530937	-1.611650	-1.633821	0.720693	-2.577239	-1.270565	-0.632486	0.846415	-0.032894	
4.476735	2.762102	-0.431686	2.843640	0.157361	2.428489	2.163746	4.024678	4.059891	1.978328	
-4.008122	0.669617	0.573065	1.577511	1.144660	0.547870	-2.281033	-0.971508	-0.884902	1.843976	
0.582804	2.127062	2.562120	3.223560	2.940534	1.974635	1.298596	-0.104840	1.310315	3.722037	
1.174210	3.819895	2.810632	1.197228	1.423932	2.042053	-0.416713	1.284659	4.594390	2.390330	
2.494077	3.072455	4.170227	1.370757	2.239976	2.601353	0.471341	1.980453	2.096164	2.678108	
2.507251	-1.153099	0.424401	2.304780	1.466749	1.293811	-0.110075	2.385531	1.887736	2.247678	
3.989681	2.345040	-0.284206	2.302351	4.784214	1.486055	2.015938	0.207636	3.261912	-0.047258	
0.401509	2.557235	3.953346	1.824253	2.054313	2.138253	1.790539	3.425714	1.277456	2.641682	
0.250603	1.008965	0.923226	0.284577	1.379855	1.529723	1.856964	0.793004	0.707509	1.167838	
-0.873189	1.297702	3.282705	1.044296	2.547021	1.609676	3.737072	1.146333	3.171760	4.972639	
-0.171804	0.905174	2.855543	-2.295427	0.248795	1.756728	1.496040	0.475389	4.386540	3.126363	
-0.719821	0.583956	-1.033899	1.146226	0.171972	-0.077950	0.934639	1.912488	1.398069	-1.699043	
2.923233	5.317829	1.232606	3.138740	1.599451	3.765167	2.214360	1.839592	1.550401	3.857906	
1.960178	0.723662	1.687430	2.097878	1.810045	1.490137	2.746476	3.048304	5.606895	3.844243	
3.114654	0.606367	2.060977	1.955960	2.370866	-0.043375	1.769056	1.154905	2.157943	-0.201099	
4.495060	4.067646	2.056040	2.696519	2.071043	2.496938	1.173859	3.207263	2.168011	2.035279	
1.939133	0.941389	2.595640	0.749486	3.828530	1.056442	0.214535	4.652701	1.758555	0.545687	
3.930624	1.962583	0.496181	0.580936	2.475203	1.081175	5.895037	0.976478	1.897453	1.065756	
0.917120	2.046981	-1.398513	4.028395	1.390468	-0.703802	1.937284	2.701130	2.225952	2.425088	
0.191358	-1.389887	-0.268556	-0.649019	1.643399	0.704767	-0.735494	0.780502	0.110309	0.510721	
1.721803	1.323397	0.641759	0.904128	0.254809	1.894864	-0.125337	2.949782	-0.352189	2.196305	
0.052900	1.967329	1.155166	3.905082	2.938376	0.941021	1.946151	-0.078719	3.123932	4.435926	
1.365994	-0.854033	1.144272	-0.271689	2.573852	1.037141	0.493959	-0.047528	2.926421	-0.629109	
2.589862	-1.295598	1.724387	3.258803	2.084535	-0.316070	0.271914	3.481349	1.621405	-1.824538	
2.306486	2.323598	3.060206	0.842353	2.856074	3.613391	2.623874	0.859572	3.094756	0.787974	
0.059639	2.604184	3.482908	2.048990	3.063315	-0.909573	2.485532	2.109919	1.812773	2.554185	
1.870488	2.090762	4.404463	3.208064	3.229941	2.151267	0.016353	3.041880	3.960931	2.473890	
3.056978	3.302145	1.781278	3.618912	2.989556	2.353013	1.091237	0.264817	2.038924	1.858581	
0.200246	-0.403984	-1.876170	-0.593553	-1.027665	3.609097	1.647037	-0.242304	0.899486	2.162106	
3.292156	1.912511	0.073146	2.851366	0.774859	2.155427	-0.747544	3.606233	2.233489	2.488551	
0.134413	3.227550	0.392699	1.730509	0.115709	1.005746	1.246193	4.105799	3.825256	3.291100	
0.481142	0.323673	0.808269	0.838247	0.657890	-0.785947	-2.202117	-0.063683	-0.382216	-0.737438	
2.667294	3.060640	0.757532	3.919354	1.577184	0.636694	0.201194	-1.749274	3.096301	3.902513	
2.436005	2.964540	1.493888	0.138139	2.473087	2.602702	2.694121	2.627469	1.562098	-0.350964	
2.694089	2.834202	1.071526	2.002288	1.350433	4.157203	0.016595	1.921686	1.292854	3.785723	
3.655165	2.220342	0.851476	3.612801	0.877505	1.773081	4.256304	0.704728	3.183915	2.221537	
3.521756	2.533849	2.479236	-0.288394	3.395553	-0.813262	-0.826037	-3.330577	-0.489841	3.467307	
0.182120	2.167613	0.860515	0.770055	0.952732	0.205993	-1.183166	-0.670551	-0.067622	1.141413	
2.279702	1.302442	2.696857	1.229093	1.921851	-0.844382	1.045349	4.575367	3.067636	4.207049	
-0.857422	1.443631	1.400448	1.884676	1.113387	-1.597482	-1.765248	-0.711270	-0.183450	-1.639708	
4.215420	0.116723	2.816488	2.333443	2.828042	-0.677052	1.863843	1.447411	0.930157	0.971980	
1.492515	1.600108	5.943727	0.554938	1.220458	2.014557	2.791394	4.339841	1.518717	0.280819	
-0.723330	-0.733938	-1.840385	0.291370	-0.870763	-1.961143	-0.591402	0.056619	0.225804	0.663200	
0.040783	0.942497	3.448577	5.041839	2.336076	1.465903	1.611867	4.225193	2.498543	2.450315	
-3.228040	-0.747809	2.607130	1.514848	-0.704629	-0.510268	-1.170485	-2.646837	0.779299	0.156095	
1.753483	3.108273	3.547711	3.409323	1.330069	1.939409	0.152153	3.383323	1.801347	1.431674	
0.029498	3.158657	1.466085	1.707635	3.050030	0.359547	0.027910	3.137575	3.517287	1.804573	
0.790863	2.278948	1.754522	4.237896	4.902736	0.852904	2.312258	3.271150	2.701213	3.773607	
3.992865	1.780944	2.207093	1.255458	4.676268	2.424391	0.364434	1.847840	1.566391	1.313628	
2.002413	4.615808	1.117687	0.429879	1.422135	2.486030	3.932954	3.346610	3.433266	2.360581	
2.773475	3.032918	2.026103	4.014349	-0.008341	3.741837	-0.117430	1.502437	5.665651	0.243137	
1.364186	2.614159	1.723361	4.623288	0.691211	1.652234	1.281562	2.326954	1.900712	-0.698606	
1.236984	0.687749	-1.296165	-2.615868	0.543614	0.494702	0.556166	0.589809	-1.120237	1.568844	
0.465278	0.704812	1.263012	-0.144760	2.427336	2.068714	0.340694	1.014723	1.284326	3.166151	
2.238718	2.732357	4.093819	2.689844	1.532135	1.730791	1.215280	2.629168	2.207887	4.508544	
3.037480	0.150986	5.137181	-0.312011	2.449076	2.525618	4.557417	1.021004	1.867844	1.175089	
2.998983	2.028961	-1.358098	1.863031	0.228310	2.164381	2.595511	2.456560	2.275941	4.952068	
1.492696	-0.935966	-0.766993	-5.097206	0.020616	-2.905146	-0.541514	2.109119	-0.550740	0.056923	
3.764780	1.777303	2.970446	3.853136	0.996583	3.470816	-0.237048	3.468835	0.990427	3.202869	
-1.471066	-0.232497	1.256413	0.853700	-0.382605	-0.746072	1.328178	-0.731675	-1.094480	1.593281	
-1.147791	-1.155206	-0.253656	-0.270157	1.880039	0.835807	2.118192	-0.771646	0.458975	0.009198	
-0.197557	-0.463367	0.328682	0.478196	-1.150993	0.364015	0.785607	-0.848755	0.893353	-0.414209	
0.192951	0.551542	-0.037571	0.951602	2.428359	0.268939	2.357722	3.264271	1.821846	1.747514	
2.944460	0.569659	3.152792	0.509517	2.347924	2.471313	3.324673	4.093850	1.691534	-2.776050	
1.323022	-0.808412	-0.923610	1.731748	0.326048	0.773131	0.111604	1.733037	0.557718	0.933746	
-1.500651	0.577140	1.589817	-0.267980	2.868412	0.199939	0.755276	1.970362	0.754550	0.292585	
0.490267	-0.764941	1.372857	0.441423	2.493774	0.826965	0.966237	0.730237	-0.041948	-0.700727	
0.639893	2.235390	2.720631	0.629855	0.963733	4.181841	0.462627	1.479791	2.043425	2.170418	
2.019765	1.796124	2.417875	4.825706	2.827988	1.009911	2.081406	3.376097	0.565616	1.928994	
-1.007614	-0.016164	2.508166	1.918686	0.681841	2.005600	1.992404	0.192123	0.405674	2.786059	
-1.878829	-0.938507	1.375534	1.235750	-0.905939	1.374681	1.434934	1.073084	1.598368	-0.610628	
1.783197	0.109892	2.479595	2.283615	2.327407	2.489496	0.286152	2.632356	1.408924	0.865719	
3.057754	2.929355	1.183248	2.640897	2.597327	0.775844	2.339625	0.205635	3.999090	0.607968	
2.040644	0.479799	2.359050	4.278711	4.259687	1.721011	0.986075	1.578127	3.715349	1.835959	
0.750661	0.628097	-0.159496	-0.117026	0.660517	1.859775	0.581154	-1.680796	-0.161198	2.336452	
2.712780	-1.160753	3.261669	-0.151128	2.233351	0.759671	3.333092	2.507787	2.518339	2.390049	
1.704433	1.242663	0.336909	0.613473	0.211300	-3.052332	-0.975140	1.273954	0.966276	-3.384483	
0.288311	1.564104	2.538352	0.498781	-2.261414	-0.123347	-2.352428	0.137726	2.288375	-1.155471	
-1.328974	-0.433148	0.397205	-0.762894	0.661727	-1.891707	-0.727241	-0.320845	3.237653	0.395526	
2.984177	4.575104	1.758595	2.678837	1.744422	3.733207	2.861409	2.119733	1.790886	2.266626	
1.845615	1.479156	2.519882	0.983234	0.445848	1.269956	2.009660	-1.843869	2.455673	-0.720711	
2.092435	3.087494	2.627081	-0.623990	2.729650	2.464359	1.026640	2.980606	2.218011	3.020231	
3.982704	1.743375	-0.782654	3.285191	1.503645	3.389283	2.046424	3.257401	4.568751	3.970527	
5.179554	0.348325	0.862112	0.335528	0.859215	2.135907	2.494520	2.383794	2.555184	3.981884	
0.862474	3.096502	-1.532691	1.872606	3.635105	1.237257	-0.494106	3.801969	-0.351324	2.080299	
0.842057	2.770935	0.748957	1.205734	3.681629	2.797461	3.489680	1.283640	2.732814	1.750083	
-0.478053	0.133001	0.569090	-1.105649	-0.126374	-1.687450	0.992284	-0.128690	-4.518097	-1.032629	
-1.027998	-1.754988	-0.722855	0.558272	-0.335582	-0.387761	1.088739	2.204251	-2.400343	0.823373	
3.227367	2.322051	0.282936	-0.628288	3.214257	1.066201	2.610537	0.262313	3.792355	1.784611	
-0.488040	0.143103	0.216580	0.901581	3.331724	2.924836	1.221982	3.944596	1.504498	1.431669	
3.278154	3.272238	3.018910	2.224530	1.444254	3.519622	0.392947	1.566638	0.073857	1.713628	
0.838205	2.099584	-1.691144	0.084375	3.266253	1.726368	2.748395	-0.324448	3.922011	3.442074	
1.110940	1.658959	0.315764	-0.490949	-0.290298	1.776670	-1.016508	0.306787	-2.044304	-0.272463	
0.728140	0.366448	3.340980	3.914985	-0.432964	4.449070	3.207834	2.889168	3.833903	6.336753	
-1.942022	-1.040922	-0.190915	0.705438	0.458710	0.617877	-2.940001	1.488508	-0.691406	-1.824401	
1.265092	1.955826	1.851257	2.872633	0.449869	1.853705	1.679013	0.844172	0.891212	2.749555	
1.387573	0.805009	1.869355	2.191451	1.040917	1.672542	0.969821	2.807726	1.528748	0.903510	
1.629455	1.219078	1.177137	0.725649	3.732599	2.780351	4.505994	2.494467	2.173989	0.910953	
0.353199	2.116880	3.073865	1.514074	3.001882	2.499870	4.555369	2.914994	1.384242	1.221262	
1.034186	1.961985	2.588163	1.537408	1.650880	2.809488	4.775346	1.885872	0.782601	0.815434	
1.629621	2.736303	2.363205	1.264495	2.643004	1.810140	2.557479	3.046555	0.849920	2.411973	
2.106894	0.240007	1.125804	2.696366	0.018805	3.204116	2.435180	1.865298	2.429532	-0.857197	
2.066829	4.145621	4.603404	0.901810	4.064112	0.709314	-0.204975	3.481620	0.256712	2.470044	
-0.141039	3.335604	-0.510277	-1.760195	-0.050900	0.307405	-0.768736	1.200423	-0.474867	-3.113855	
2.492251	-0.839753	0.866716	2.286251	5.867837	2.745108	1.196430	2.595405	5.295340	2.037656	
1.201885	2.711055	3.510787	2.036343	2.918227	2.330570	1.531958	1.138661	1.563762	1.467240	
-0.920460	1.263705	-1.078240	0.224671	2.196806	-2.377789	-0.859421	0.194829	-3.020799	-2.440721	
3.522263	2.601351	0.710742	5.412472	2.938730	0.782123	0.254434	1.940386	4.577097	2.650337	
0.029949	1.820732	2.568952	1.753899	2.535025	4.356576	3.206365	0.816122	5.410384	0.428556	
-0.359612	3.108756	3.393258	0.267183	1.849672	1.813360	1.594866	1.190699	2.481182	0.196005	
0.741832	3.584601	4.100808	4.202127	1.303848	2.156577	4.158969	0.799579	1.312265	0.835539	
2.161625	0.658061	1.941870	0.777238	1.899958	4.238496	-0.278916	4.777364	0.289679	3.696876	
2.124559	0.629807	2.426155	0.216766	2.285445	3.341773	2.072139	2.502175	0.520069	1.838499	
2.223954	-1.762598	-0.979190	-0.575360	-1.860268	0.406319	-0.076920	0.601738	-0.876697	-0.950617	
5.003298	3.201975	2.680917	1.555971	1.904979	1.120609	3.322184	0.560607	3.489403	0.181353	
1.755927	3.892119	3.008599	0.192107	3.567652	2.448319	0.406346	1.998180	3.297463	3.878219	
-1.272195	-1.226878	-0.471751	0.887603	-2.187636	0.471303	-0.734724	-1.937859	0.024428	0.512554	
0.385186	0.040023	-0.234505	0.678726	1.065936	0.926073	1.132343	-0.831468	-2.014573	2.537727	
-0.107523	-1.334769	-0.927750	1.540110	-0.489002	0.552052	-1.793437	-0.481489	0.730864	-0.758565	
0.669223	1.940475	2.197388	3.569583	4.180998	2.519861	4.254092	3.291457	1.088666	2.446128	
0.805888	3.930251	0.965800	1.016804	4.291061	0.377845	-0.635752	0.583964	0.265025	3.613662	
1.016980	-1.635818	-1.724988	1.409262	0.699775	0.529217	-2.620313	0.912138	-0.226013	-1.789659	
0.709063	2.088490	4.786334	1.770890	1.954002	2.875142	-0.712414	2.099217	1.271252	0.285614	
1.296192	1.558611	1.893857	0.259498	2.105921	1.934207	1.459083	1.369609	1.583367	0.857676	
1.222709	0.048212	-0.367269	0.032384	1.854095	4.020708	0.046265	2.053837	3.248758	1.298846	
3.297636	2.375307	1.597446	1.534303	1.485331	1.242461	-1.340069	0.203805	3.776726	0.670855	
0.924088	3.392349	2.074857	2.489115	0.842228	2.748114	2.552569	2.361104	0.192366	1.677840	
-0.894985	-0.277066	0.134344	-2.728394	-0.519744	0.668810	-1.974131	-0.456601	0.156266	0.060674	
0.464512	1.125752	5.350388	4.692090	2.101499	2.589206	2.135344	2.524817	0.196499	1.800502	
1.308508	-2.133498	1.721046	-0.738278	1.342034	0.949348	-0.883247	3.449335	-2.115997	1.019076	
1.959818	-0.342236	1.886388	-1.132771	3.063230	1.170637	1.441932	1.099559	1.977115	1.916806	
2.829652	-0.659739	1.326984	0.042190	-1.170366	0.320391	-0.346911	3.510485	-0.627236	0.503131	
-0.952165	0.540988	-0.101847	2.441170	1.080663	1.393550	2.140240	2.433340	0.947000	3.275807	
3.006167	3.162805	0.971487	2.093605	4.712995	-0.642017	1.020679	3.758554	1.857952	1.909077	
1.370259	-0.927571	1.791748	-0.333057	-0.568535	-0.829627	0.311989	2.121604	1.632128	-0.702708	
0.251048	2.005908	2.843766	4.166213	3.382125	1.036219	3.095957	1.636808	2.986213	3.580742	
1.901465	2.973301	3.824833	5.651224	0.701820	1.062413	2.782421	1.428816	2.440390	-0.582354	
3.839053	0.486911	1.571735	-0.279625	2.377952	0.717063	1.376001	2.030485	2.872115	2.651111	
5.089993	1.688000	1.629431	3.641703	2.773568	0.374133	0.610388	3.184048	3.918659	1.997950	
3.202031	2.175698	1.816736	-0.015991	1.441505	3.691548	0.377547	2.812688	3.734550	2.358153	
0.711400	2.392719	1.250844	-1.316856	1.882816	2.793380	1.553020	3.559074	3.313904	3.997835	
1.034320	4.618507	1.981554	2.881445	3.312197	1.886751	1.308915	0.443506	1.449961	2.605630	
3.604942	0.719835	1.920155	0.876671	3.919628	2.070370	1.391328	-0.608614	0.876817	2.438754	
1.178249	3.986349	1.416683	1.164999	2.381960	1.555416	2.095560	1.945940	3.580106	3.434777	
2.972864	1.222052	4.524200	0.594968	1.369223	2.836730	1.704608	2.710046	2.449608	1.518859	
3.908969	4.066443	2.597167	0.695744	2.217357	2.728872	1.576804	1.260187	0.407419	2.443197	
1.447385	1.576339	0.040663	2.637188	3.943145	2.439218	0.865493	4.824256	0.705244	3.630077	
-0.304351	2.655688	3.670127	2.819999	3.354355	4.202626	1.260940	3.118801	0.506865	1.793307	
3.796414	1.156779	3.152515	1.093735	2.490667	1.970552	5.489688	3.579479	3.560454	1.237720	
0.573605	0.633944	0.084023	-0.859939	2.862483	1.973788	-0.609733	0.187397	-1.376243	-0.969485	
2.979030	3.624263	1.343228	-0.323489	1.532840	2.882189	0.942965	-0.312973	0.588989	2.669794	
-0.130787	2.311898	3.347926	1.312205	3.579299	-0.334641	2.328176	3.458558	-1.262871	1.744609	
0.221169	2.198137	1.014724	0.527094	3.371623	0.818867	2.834871	-1.256219	3.092111	4.204905	
1.522281	2.950111	1.870480	3.991330	3.816377	-1.847406	2.598417	2.734587	3.389226	0.377461	
0.802098	3.863035	1.829693	3.042094	2.715841	1.748001	2.526388	3.025600	3.259706	2.786102	
3.276260	1.825640	3.999569	2.278647	3.699883	0.013474	2.295052	2.452972	1.395797	2.665853	
1.410502	0.722176	1.063675	1.386323	2.329977	2.464448	2.253953	2.069681	2.602592	1.565639	
1.507874	-0.012563	3.645879	1.434513	1.758152	1.875082	-0.026669	1.322255	1.418318	1.353955	
2.077060	2.609402	1.040157	4.270838	0.908022	3.736183	0.178361	4.296416	2.325100	1.480779	
2.066701	-2.396339	0.982690	2.862316	-2.951996	-1.189482	-1.831298	0.200647	-0.452309	-0.370496	
2.062273	0.085457	0.023436	-0.716070	-1.906389	-0.651907	1.041058	1.840437	2.760178	0.807189	
1.022622	0.440854	2.086865	1.819206	3.622362	2.909189	0.910236	0.372537	0.856925	4.434421	
-0.657111	2.514444	2.333635	0.044231	1.287501	1.866474	2.341848	3.920718	2.721572	1.481985	
2.485766	3.127950	1.007452	0.825101	3.449543	4.010252	0.840633	-0.083800	2.039797	2.778489	
1.126370	-0.097890	1.481984	0.085238	1.156495	0.510014	0.039792	-1.617408	-1.665460	-1.856590	
2.048838	0.893802	0.449497	2.443834	1.818260	2.164169	3.773974	1.566396	2.107024	0.605850	
1.543673	1.959724	1.835142	0.627542	1.867143	2.515128	5.293204	3.222129	3.462265	0.125279	
-0.765571	-1.763200	0.336460	0.084834	0.478779	-2.606991	-1.170736	-2.449207	0.789202	0.051250	
2.069469	-0.320710	1.750027	1.659485	1.071689	3.553975	0.203567	2.678244	1.685758	2.287627	
2.155247	2.714941	1.030954	2.377264	1.942181	2.698638	4.419689	1.437414	1.209033	4.611318	
3.769855	1.754820	0.487973	2.075064	3.604181	3.379589	0.617951	0.385959	4.190061	2.902196	
1.283336	0.304997	-0.071711	1.760187	-0.058205	1.386376	-0.803534	-3.165394	0.871244	0.659867	
2.677293	2.858603	1.784618	1.825732	0.986179	3.767310	-0.663104	1.829018	1.473650	2.703861	
-0.451194	-0.479049	-0.624348	2.766390	1.378623	1.219994	-2.318259	-0.458538	-2.130735	-0.562205	
4.732333	3.055723	3.557328	5.634960	1.365692	1.128153	3.169345	3.961071	1.767405	1.282042	
3.047486	-0.143006	0.962817	0.535470	3.834682	3.371660	3.542769	3.256089	2.544341	1.232314	
1.956492	3.329709	3.894665	2.000447	2.939668	1.987508	2.676704	0.000844	1.868014	1.932161	
2.361406	1.297526	4.252825	1.401591	-0.497740	0.003949	2.681056	0.898190	0.591653	1.822668	
1.642889	1.287454	3.217397	2.017470	4.861169	0.956082	-0.225053	3.738466	1.650378	3.118996	
1.077607	1.734821	0.130298	1.857925	0.402055	3.936887	2.130806	0.903969	1.362612	-0.020339	
1.084222	2.240949	4.203232	-0.207803	1.303321	0.493426	5.221303	1.079923	0.641932	-0.514531	
-0.148973	3.008037	0.753111	-0.208165	1.315932	2.403488	1.963447	3.048324	2.573933	3.268147	
-2.561609	1.135980	0.209919	-1.981610	-0.482879	1.822349	-0.196129	-0.277406	-1.761805	-2.118710	
0.632999	3.361152	1.924067	1.179392	0.546777	1.634312	0.313354	3.606335	3.666967	1.085501	
-0.522961	1.088806	-0.855925	0.224984	0.060980	1.999138	0.971560	-0.050995	1.623603	1.335145	
2.645433	4.840340	2.207349	0.443314	2.170709	2.762084	-0.641755	3.597183	2.877417	3.113021	
0.735293	0.368869	1.329535	-0.581664	1.293741	1.214296	-0.447218	-1.668051	0.955332	-0.825889	
1.483682	1.139823	1.901258	1.946742	4.249833	0.603928	3.665757	1.356357	2.553131	3.381733	
0.993064	3.729462	2.003932	2.052807	2.124341	1.680994	3.431877	0.811760	1.859891	2.887616	
1.695182	0.179355	2.560508	2.926754	3.459957	1.059164	2.372795	-0.020094	0.794982	2.167913	
2.675420	-0.238855	3.238517	0.692068	1.605264	2.096803	0.750264	0.658615	0.959168	0.717361	
0.769920	1.456461	-0.060114	-0.269966	-0.152938	0.894809	0.290281	0.078465	0.869248	0.530845	
0.318783	-0.121822	0.535765	0.665849	1.304884	-0.005444	-1.689650	-2.960946	0.732647	1.188504	
2.067439	0.680785	1.604587	0.648184	0.973688	0.173347	1.078400	-1.279110	1.235792	-1.107653	
2.363662	4.286697	2.603165	2.385654	4.740660	2.828473	2.626300	0.764464	3.051632	1.175271	
2.906891	2.994403	3.546887	0.684104	2.789624	3.212461	1.663800	1.333883	3.520532	2.203925	
-1.926368	-0.995636	1.065328	-3.208319	0.618294	0.567557	0.177655	1.545529	-1.183814	2.418213	
1.234137	4.213477	2.899482	3.969363	0.987362	0.855190	2.258666	1.098871	0.570722	-0.177328	
-0.693934	-1.923072	-0.126044	0.381521	2.236379	0.635756	3.288167	0.605078	-1.044093	-0.152562	
1.226858	0.886984	-0.275456	2.862313	2.547069	1.436081	3.108691	1.544812	1.079321	0.923159	
1.618891	-0.302863	-0.359442	1.711348	3.095356	-0.439162	0.356905	-1.543650	0.023246	-1.696442	
0.624620	2.466071	-0.212149	1.725026	1.391841	0.189938	-0.547571	-3.687553	1.035951	-2.387929	
2.082879	2.710358	3.107564	2.402378	3.334655	2.096902	0.267190	1.371087	1.826361	1.787836	
2.442116	0.584650	2.686522	-0.129520	0.778302	2.093899	0.093700	1.650496	2.882439	2.925015	
-0.483643	0.287317	0.694037	1.364630	-0.662672	3.704481	-1.267893	-2.363187	1.477954	1.981447	
1.545615	1.171237	2.322404	1.702618	1.530982	3.271783	1.399873	3.021520	-1.203894	5.534745	
1.037416	3.026384	2.012757	2.976061	2.393171	2.271073	2.226416	1.824054	0.315776	0.201009	
-0.405601	0.372794	0.793319	1.744075	-0.770491	-0.478527	0.037385	-2.098174	1.809626	0.039213	
0.768311	-0.220199	1.241379	0.566988	-0.299632	2.635375	3.654044	1.901743	0.716895	3.026907	
1.910680	-0.833884	2.264429	3.373294	4.586248	1.491405	1.876149	2.175615	2.534968	2.113943	
-0.314834	0.245473	3.156114	0.518558	0.586066	0.694732	-0.452872	-1.276176	0.961773	-0.486252	
3.522408	1.849399	2.525357	2.625022	4.276153	0.045593	1.780742	0.531222	2.291070	0.026314	
1.120149	0.858293	1.315237	2.235636	4.658049	4.004173	1.989629	2.681152	5.380812	2.021385	
0.673006	2.325727	3.209572	2.343924	2.940241	0.283987	1.423445	1.712649	3.055824	2.880304	
-0.106913	-0.846070	0.720143	1.066474	-0.710920	0.588585	0.925566	-0.783935	-1.616001	-0.521608	
0.431332	2.587522	3.777032	2.822661	2.502241	1.986676	3.478299	2.248579	0.335111	-0.383963	
2.104054	2.709084	2.097341	-0.921655	0.943012	0.608220	0.236340	4.426361	1.919495	2.635045	
3.154234	1.867935	-1.499707	1.447919	1.235427	2.875373	2.177337	1.066967	0.430262	4.968022	
3.117681	3.179955	2.483245	3.687900	1.136095	5.057790	1.084213	1.364972	1.822794	2.924238	
1.706877	3.784518	2.172066	-1.018950	1.771760	3.082829	0.883829	2.369877	0.931477	2.512127	
3.032855	1.360316	2.575682	3.113627	4.039431	0.322149	2.576763	4.288827	2.357524	0.027560	
0.486989	1.352217	0.708236	3.787827	4.348626	1.974301	1.437483	4.952738	3.051753	3.568176	
1.467073	0.343143	1.897140	1.268654	1.609077	2.310019	3.473156	1.838190	0.969818	3.168821	
-1.844629	-0.769532	-0.983719	0.533707	-1.658020	0.318354	-1.994666	-0.396530	0.680117	0.774220	
3.849311	2.493989	0.904936	1.646063	1.581232	2.809004	2.120398	1.521177	2.103207	0.015196	
0.567938	3.585829	0.989653	2.185210	0.312939	1.665859	4.848946	4.429714	1.367463	2.971321	
1.951630	2.325378	1.447962	0.457409	1.701796	1.686543	2.118873	0.489138	1.932374	1.640445	
2.273476	0.409476	2.609718	4.254265	0.469380	2.525218	5.004021	1.462579	2.250894	1.718105	
1.679451	0.711128	1.196432	2.435760	2.844840	4.206281	2.732835	2.874679	2.143307	0.203608	
2.337864	3.578033	2.441019	1.109681	2.798366	1.222203	0.578112	3.818365	3.289907	3.913757	
-1.773631	0.042001	-0.560988	0.086659	0.748025	1.376445	-0.325435	0.016379	-0.277365	-2.699697	
2.351160	2.672252	4.515604	2.081095	0.963545	3.108997	3.492267	3.906670	3.144292	3.205044	
0.925158	2.154347	-0.507889	1.943685	-1.257169	-0.096930	0.029915	-0.248998	0.358787	-1.887685	
2.270675	2.271575	-0.475923	2.661652	2.524886	1.924473	1.905225	0.822736	3.264063	0.085230	
2.418236	2.522998	2.719943	2.825763	1.182954	1.198094	2.720195	0.703400	1.081753	2.233720	
1.351234	1.574303	-2.100040	1.940281	3.162912	-0.438044	1.455008	-1.566992	1.644383	1.297183	
1.812078	2.096251	0.779295	0.839949	0.384237	3.544999	2.996279	1.948688	1.358355	0.588410	
-0.045754	0.422658	0.692409	1.245535	-1.149045	-1.507638	0.070721	-0.750951	1.676029	0.917053	
3.394463	2.325296	1.756828	0.516070	-1.075111	1.204531	2.043318	2.783524	2.496743	0.294863	
2.244772	0.485002	3.663551	-0.033059	2.594994	3.463882	1.692471	1.319846	3.436733	0.525145	
1.340876	0.756576	0.382167	2.133791	0.472468	0.798959	0.361894	3.704294	3.350679	1.457851	
3.946814	1.551512	2.659789	2.470114	-1.213766	2.146525	3.584007	0.765515	2.403945	2.437889	
-1.134729	0.485915	1.685694	-1.345746	1.386417	0.898221	-0.735089	1.089868	0.613915	-0.885843	
1.616000	1.194258	1.839239	2.584169	-1.468160	0.647187	-0.825348	-0.133147	2.160237	-1.700785	
3.493187	0.915665	1.365784	-2.477459	-0.888710	1.520872	-0.463228	1.131606	0.617037	-2.192042	
2.632056	1.887199	3.790754	2.540315	-0.337618	-1.707971	2.180350	3.058425	-0.934659	1.657688	
2.685650	3.930640	4.644295	1.697596	1.419078	0.768216	2.901249	0.307403	-1.160478	0.627346	
-0.187621	-0.321257	-0.097415	1.482286	-0.579923	2.148304	-1.178785	0.145987	1.465319	2.686783	
0.113873	-0.813392	2.917032	4.394091	2.414810	2.419952	-0.885205	3.210396	2.305298	0.857169	
1.616557	-1.406628	-2.625931	0.624972	3.818370	1.357370	1.324083	2.294705	-1.665142	-0.759567	
3.805880	1.754059	2.406074	2.251544	2.143573	-1.469461	3.189290	1.202347	2.253858	-1.050313	
0.195434	2.471534	0.541560	1.008039	1.991208	0.526965	1.243525	3.056266	4.706879	2.268137	
0.052305	2.647476	2.197842	2.279689	3.116914	4.011170	3.081045	1.010238	3.427044	2.260286	
1.984319	1.641641	1.618636	2.974982	3.258961	2.099163	2.620781	3.569927	2.345031	3.334236	
-2.081386	1.753487	1.959405	-0.372464	0.384052	-1.099250	1.960850	-0.423620	-0.213379	-1.952258	
1.199333	1.136139	2.646182	0.639866	1.398581	2.573057	1.118256	1.742478	3.117789	2.836779	
0.224125	-0.110351	-0.686034	-2.609802	-1.360370	-0.398253	-0.762581	-2.108325	0.600262	1.001627	
0.583740	0.327158	1.226137	-0.115551	0.418391	-0.457467	-1.092750	-1.156126	-1.411865	-0.826807	
1.263196	4.484105	2.776158	2.426669	2.269715	2.693689	3.706657	-0.173087	1.393241	1.700735	
-3.588082	1.510168	0.322054	-1.100317	-1.693344	3.099778	1.940811	1.114640	-2.184556	-0.050651	
3.783985	2.808806	2.692927	0.456972	5.332686	0.721628	4.513725	5.891747	2.773571	2.309904	
3.512487	3.309280	2.472151	0.866333	4.712208	1.537250	1.144413	2.528227	0.587036	2.161923	
0.433438	-0.172457	-2.254480	-2.439305	2.083716	0.299804	-0.209155	-0.049057	1.618470	-0.458937	
1.347623	4.005379	2.070120	1.421748	3.411156	1.820370	3.342773	0.670146	0.903470	5.882940	
2.555172	1.998922	1.783611	1.843436	3.535659	3.719245	2.992926	3.453358	2.052847	1.705237	
2.735420	0.249037	4.064777	0.512038	3.431437	0.258681	0.347868	-0.097111	3.189474	3.696905	
2.054593	0.284131	-2.453264	-1.657329	0.174008	0.594283	-0.008425	2.638708	-1.473093	1.501853	
2.243108	-0.008865	3.046130	6.389187	-0.571462	2.470588	1.748942	1.875711	2.966408	3.810665	
2.854748	1.584318	2.495827	1.494034	0.954195	-0.494953	1.250276	2.153501	3.016072	3.060150	
0.855107	2.150586	1.718497	1.747600	2.982558	3.351128	0.808096	1.955617	1.846131	-0.083666	
1.872481	2.781843	1.990028	2.944234	3.393015	0.053429	1.894318	0.724026	1.215701	-0.143364	
1.156452	1.903341	1.517419	2.092926	0.214018	2.166086	2.104540	4.446962	3.360809	5.683307	
-2.369473	0.199476	-0.083412	-2.025623	-0.940746	-0.370245	0.753242	-0.720005	-2.154446	0.710168	
-2.064073	-0.904571	-1.455130	-2.211062	-2.036808	0.089942	-2.803226	-0.484347	3.932494	-3.270565	
0.014893	1.413901	0.858890	0.920269	2.082457	1.699907	1.872601	2.428899	0.450140	2.162879	
1.104226	2.590928	3.453685	2.696517	1.097089	3.232401	2.074759	3.292510	1.429776	3.201951	
1.247261	0.234661	0.654918	1.203354	-1.783981	0.010065	0.375041	1.275293	0.889850	-1.291421	
0.763361	0.345455	0.933061	2.438676	3.513644	0.976542	0.312316	1.725502	2.648034	2.827010	
2.108894	3.026269	1.157866	-0.267137	3.033875	-1.971344	-1.427357	1.042117	-0.175486	4.576672	
2.556175	1.590008	0.395386	2.791517	1.816437	2.319195	5.022013	0.473770	3.903291	2.445839	
1.543068	4.581955	1.491741	-0.012755	4.053523	0.804089	1.553850	3.446043	0.418631	0.877753	
3.190281	3.215765	2.587954	2.047421	3.412236	1.973004	1.338376	1.574962	3.326383	3.885616	
-1.330360	-0.435421	-1.290149	-0.165576	0.822675	-0.428202	-0.237585	1.119068	-0.331676	-1.644955	
0.884790	1.614441	2.529888	1.608672	2.616310	1.422180	4.792790	0.674354	4.043381	1.784910	
-0.092171	2.008631	1.930538	1.145383	2.093002	1.728720	2.794181	2.987581	0.816418	2.346815	
-1.588055	3.139254	0.882760	3.647754	1.336830	3.424013	1.363069	2.788230	1.548083	4.308588	
-1.593844	1.037333	1.005150	3.753539	1.402110	5.372436	1.838910	2.732468	4.250732	-0.659609	
2.005723	1.358049	1.836677	2.936887	1.177973	3.281527	1.217586	4.294136	3.454289	3.374794	
4.710235	1.661646	-1.854453	2.274152	2.048676	0.682742	1.900268	3.266944	0.843246	3.045184	
1.254655	5.116532	0.221605	2.557821	0.054263	0.053968	1.229429	0.815742	-0.120969	1.811788	
2.405778	2.462359	2.169157	4.111907	0.486606	2.307711	0.441893	0.815484	1.830020	-1.147291	
1.515365	1.468034	4.458255	2.274117	1.942314	-1.346641	-1.170482	2.661765	2.192474	1.080566	
1.511281	1.163166	0.972604	2.378277	1.990758	1.712033	2.681358	3.487816	0.991926	1.273123	
-0.015018	-0.675779	1.331936	2.822053	0.197539	-0.018579	5.114131	3.898731	3.009261	3.575884	
0.743640	2.146379	-0.715643	1.509371	-1.199905	-0.167989	1.314584	-2.502906	-0.914889	-1.978051	
0.744779	3.186727	3.295415	6.574095	0.513015	-0.848960	0.313584	2.024781	1.603342	0.930701	
1.304261	2.282345	1.292643	1.439844	1.281922	1.685205	2.023598	4.415983	2.230168	1.877647	
1.896899	-0.568373	1.416532	3.596154	1.667497	0.428275	2.429528	-1.528553	1.456141	0.628513	
0.159486	-2.741736	0.808995	-0.702064	0.812311	0.486888	0.604932	0.380045	-0.609358	0.617944	
2.872223	2.429383	3.455954	1.693106	3.240426	1.379983	1.305947	2.556400	1.472274	3.658263	
-0.628701	-1.359306	0.419637	2.187237	3.979820	1.998008	-1.328539	2.475146	2.125271	5.311986	
2.732184	1.392819	2.142095	5.221711	2.384097	2.454195	0.728515	5.046790	3.371874	0.245553	
2.723135	0.334557	1.628037	0.799149	-0.270172	1.147122	2.004676	4.012234	1.556752	1.257088	
-0.768397	-1.983750	-0.234882	-2.211593	0.719968	0.018849	0.268239	-0.563843	-0.474471	0.675055	
0.383794	0.984322	0.232644	-0.409047	1.088122	-1.693534	1.306120	2.958523	1.239208	0.946832	
0.686729	2.847806	-0.673670	2.024401	4.727887	4.653277	1.320301	1.092313	1.959069	4.103692	
0.603636	1.237404	-1.726936	-0.816681	2.131465	-1.640397	-0.082626	-1.656344	-0.853485	-1.137788	
3.588890	1.484848	2.375088	2.269839	1.519352	1.343345	0.045052	1.677530	1.090216	1.553575	
-1.378366	0.542380	2.861801	-0.141122	1.135871	-1.996097	1.330840	-1.193336	-1.434983	-3.343309	
2.932511	-0.183959	1.870484	3.690628	2.058229	2.905238	3.631946	3.724418	0.530347	-1.563205	
1.212833	-0.671629	-0.508041	1.691269	-2.936839	-1.263320	2.431105	-1.016234	1.465297	-1.165500	
1.748051	1.004936	1.092367	3.296006	-0.912919	0.836585	-0.155556	1.513425	0.056902	-0.612811	
-0.081467	-1.547556	-0.537392	-1.145510	0.036171	-0.414291	2.304612	0.336965	0.849412	-1.569455	
1.472393	1.031989	2.287966	4.653221	0.809848	0.866316	1.877611	0.511108	0.645081	1.098219	
2.455449	1.017243	4.134279	4.230720	-0.415295	2.649658	2.907634	0.707081	1.358112	3.130164	
1.210643	-0.473004	5.532958	3.684459	-0.605303	0.088877	1.374606	3.294931	2.204815	0.319732	
-0.906121	-0.691057	0.671320	-0.179937	-0.468843	-2.018024	-0.476907	-1.432738	1.315761	-0.608209	
-1.217289	1.738787	2.592343	-0.217194	4.422370	3.575599	0.696822	2.328638	2.393323	0.719869	
0.795348	1.519022	3.081508	-0.350097	-0.070883	4.111142	-0.148727	0.630067	2.925539	0.810616	
1.478254	5.063346	0.815954	2.005606	1.720065	2.990579	2.859128	1.023913	0.754212	1.754964	
0.762007	0.623247	2.465907	0.538409	3.167091	1.442486	1.327888	1.284767	3.080166	0.720075	
2.349896	2.349429	1.497026	2.749661	2.108384	1.754920	3.488562	0.688763	3.286963	2.252515	
0.685169	2.601490	1.009641	3.331115	3.031104	1.899329	4.883803	2.015705	2.522443	5.268541	
-1.949657	0.008894	-2.778095	-0.684449	2.766185	1.389452	0.426248	0.044195	-0.181258	-1.406807	
3.258601	0.775598	1.366812	1.921437	1.805159	4.382937	1.336486	1.055113	1.280766	2.920348	
2.112676	-0.835214	1.455239	1.371194	1.094514	0.995293	1.398732	5.022119	2.425773	-0.216759	
2.185595	-0.100798	3.880871	0.418993	0.544858	1.659789	2.381443	2.464646	-0.152878	5.219455	
1.886631	0.118220	2.659992	1.841622	2.354721	0.454804	1.692608	2.609107	2.785741	0.664562	
-2.250824	-0.031725	-1.667205	0.143500	-0.719466	1.236654	-1.731965	0.222729	-2.619313	0.457123	
5.244135	2.408614	2.212019	2.318247	1.668553	3.499400	2.885067	1.599611	3.145326	0.625610	
-0.058156	3.016838	0.392515	2.498048	-0.005321	-1.096214	-0.488979	-1.395193	-1.424252	-0.705422	
0.282462	1.099434	2.582768	1.765015	0.554031	0.680362	0.840581	-0.656317	0.820388	-1.374056	
-1.886168	1.316341	3.841989	0.671985	1.757978	2.912009	1.935356	1.205002	3.342656	0.903137	
0.287631	0.774165	-2.105612	-0.851548	0.127194	-0.404946	2.681232	-0.758356	-1.011573	-2.464023	
0.715813	1.838203	-0.274260	1.261576	-1.427325	1.931266	2.649598	3.667722	1.549007	0.325034	
1.449159	0.013389	-0.268628	-2.662590	-0.831766	2.302976	-1.277462	0.833777	0.741814	0.784879	
2.350115	1.985719	3.996680	2.370608	1.802348	1.942551	1.937839	0.006171	1.962807	-2.121488	
0.284215	4.762816	3.240949	-0.132811	0.571740	5.387377	2.629678	0.562141	1.845229	0.700353	
1.398125	4.772211	3.882173	-0.450096	1.488922	1.111601	2.667642	2.256267	2.926841	1.711677	
-1.885763	-1.814333	2.573461	-0.551720	1.257015	1.561830	0.706801	-0.023280	-1.465859	-1.381353	
3.382308	-0.144038	1.329593	0.075089	3.792182	1.267599	1.705253	3.934390	0.183805	4.594354	
1.642699	2.440129	5.227984	2.080560	-1.791436	0.544311	1.115051	1.179297	0.959882	3.434682	
-0.068967	0.162031	-0.014167	-0.915811	0.368782	-0.253591	0.352687	-0.341249	0.261791	0.786493	
3.181976	4.835318	1.205413	1.649231	1.257461	2.470002	0.853516	4.177720	1.310470	-0.052605	
1.353536	3.176702	2.408300	1.868188	2.425146	4.331968	3.785159	1.045099	0.562532	2.135599	
0.929476	1.724069	1.661946	2.116544	4.746997	2.283668	2.455774	2.001875	2.496863	2.337795	
-1.555822	-0.381219	0.069618	-0.545740	1.505598	-1.746192	-3.169341	-1.240783	-0.201929	-0.641415	
3.475799	-0.054216	0.330586	1.820648	1.734371	1.199890	3.340564	2.211701	2.748964	3.554781	
1.552913	-4.287102	-0.908397	3.048166	0.124147	-0.706593	-0.540304	-0.424460	0.050470	-1.768174	
-0.409145	1.510603	0.198510	1.999091	1.556751	2.359763	-0.909810	1.338467	0.776500	0.841483	
-1.339490	0.407533	-1.507779	0.291269	-1.221069	0.100447	0.515155	-2.723456	1.271995	-0.409883	
0.080167	2.545091	1.511310	1.522978	1.846877	-2.263456	-2.603524	-0.730286	-1.034100	-1.351144	
1.705340	3.819974	3.696470	0.350708	0.161160	3.660797	2.208418	1.349135	3.214321	2.513649	
1.392677	0.002827	0.063773	-0.159620	-0.411902	-0.631790	1.250523	0.868644	-0.716290	1.980136	
2.027551	0.040989	2.152930	2.590609	3.263694	2.189047	4.673527	1.662206	3.273897	1.342989	
0.438098	-1.528815	0.251149	-0.488429	-3.156172	1.995503	-1.062795	-1.609074	0.125406	0.464016	
-0.380775	1.496220	0.711257	0.850474	-0.021406	-1.133953	-1.022157	-1.016517	-1.680343	-2.576411	
0.203533	-0.438725	1.707623	-1.368483	-0.301507	-1.059545	1.871242	-0.740739	3.170205	1.720655	
2.108671	2.981968	-0.671733	2.992237	1.015428	4.271177	0.624202	2.071229	3.889486	2.012031	
4.178084	1.823463	3.992109	0.123533	2.212905	4.544445	1.777757	2.057174	2.309722	2.803638	
0.037094	-1.239792	1.884271	0.716147	3.542250	2.193537	3.054674	2.137896	2.778345	3.794854	
2.608140	-0.120446	-0.009964	0.942330	1.890427	3.311415	0.734543	2.180026	1.662968	1.144745	
0.992452	-0.050236	0.238553	0.991074	2.034208	2.998899	2.599169	0.978590	2.613458	0.847131	
4.192175	1.888213	2.757137	2.165266	2.173987	1.944468	0.194038	2.614297	1.829832	3.124064	
4.118381	1.640955	-0.478594	4.807023	2.697289	4.352196	2.081660	2.786245	2.852540	0.619296	
0.734599	-0.202453	-1.470941	0.306614	0.193436	1.436060	-2.586005	-0.398432	1.129656	-0.762508	
-1.962936	1.341710	1.899802	-1.593775	-0.161449	1.717323	-0.133630	0.539858	-1.592048	-1.153373	
1.009229	3.372837	0.510353	0.923260	0.397705	1.200524	0.689049	1.345932	1.394249	1.862310	
2.220016	1.634716	3.179734	2.299826	0.819526	1.521431	2.879666	0.446366	1.875619	3.184368	
-0.792135	-0.686071	2.774232	1.854461	2.895305	2.474661	-0.531578	4.090626	1.002348	1.523630	
3.452998	2.749912	3.415925	0.691557	1.471612	-1.313724	3.257730	2.524110	-0.295837	5.036042	
1.208878	1.744631	3.349234	1.708249	3.267873	2.146622	0.956569	4.640212	3.254360	0.501578	
2.945582	1.866986	2.934709	3.216485	1.339836	1.908225	2.607090	2.405517	0.755077	3.094559	
3.809624	4.952199	4.090662	2.331955	3.147673	2.507424	-0.214783	0.599429	4.130071	1.197970	
3.084347	-0.264277	5.215812	2.952162	2.053746	0.481562	-1.026152	2.438026	3.276172	0.179990	
3.175204	1.794510	4.087827	1.893711	-0.474738	1.508802	0.033733	3.111495	2.918895	1.133304	
2.670182	1.557535	1.418143	2.371178	0.980174	2.354713	1.786524	0.662705	0.379186	1.318381	
0.802234	3.040496	-0.513481	0.823968	2.672657	3.068116	3.028638	2.461030	-0.771622	4.654171	
-1.577274	-0.711052	-2.037633	-0.761707	0.378874	-2.093804	-1.203606	0.511053	1.421494	2.128584	
1.125324	0.903246	2.200785	1.779580	5.868475	0.413443	3.344694	1.374910	3.849262	0.405249	
-0.803353	-0.944401	2.577547	0.727887	0.608301	-1.124003	-0.315098	0.738622	1.600767	0.423850	
1.372013	2.910114	2.467845	3.021995	0.439921	2.770544	0.979463	2.196498	2.184027	1.737855	
0.283859	2.520442	3.331983	4.166375	0.476075	1.216537	3.320494	2.420608	1.494669	2.230328	
2.590491	3.346698	3.062749	3.446409	2.633011	4.560487	-0.559510	2.069894	3.502629	2.952194	
2.367261	0.916610	1.210999	-0.942914	4.335621	-0.826381	-0.805636	2.416564	2.392715	4.459871	
0.252596	0.445144	2.278934	-1.761958	0.633596	2.466542	-0.929110	1.483287	1.737182	2.884352	
4.025947	-1.071479	-0.194560	0.341108	1.880093	1.982379	1.590193	1.464907	1.743936	2.882840	
3.495520	3.028294	0.302178	2.786714	3.487959	3.669853	0.871134	4.718491	1.967449	1.042798	
0.835308	4.718331	1.929037	2.379869	4.158202	1.535002	2.731652	2.745678	1.716845	4.343154	
2.029055	0.567139	3.153444	3.245428	1.915720	-0.763397	1.659696	1.396072	2.311705	2.329227	
-0.221233	0.875058	3.798751	1.794135	2.253109	2.006368	1.391725	1.922360	2.442263	3.965194	
0.130955	-0.196789	2.525181	2.950033	1.870257	6.108737	1.754993	2.328765	2.855763	2.995975	
0.699703	1.840228	2.005179	1.625352	1.564521	2.466953	2.130669	3.874770	3.613351	2.237683	
-0.701453	0.779894	0.580461	0.936208	1.760784	2.497574	-0.453189	1.649700	0.241339	0.912829	
3.330109	3.047911	4.491005	1.469655	1.236618	4.217140	0.725410	1.413038	2.833141	1.276619	
2.366212	-0.565798	1.770799	2.715590	2.078253	2.663410	3.512617	4.268284	1.379781	1.139580	
2.702976	2.318390	1.611938	1.953668	2.876303	2.686103	1.456214	2.308380	1.451408	0.186734	
1.480569	2.789596	3.797783	1.763747	1.903336	3.679784	2.722842	2.789411	2.910770	1.725931	
0.086355	0.840502	-1.895096	-1.486378	-1.064206	0.470696	0.581118	-1.451166	1.080172	-0.362470	
0.476623	-0.873056	5.390821	0.680633	1.928805	2.435374	1.165389	2.508298	2.464967	3.395088	
-0.451252	0.117209	1.086225	1.922324	1.139133	1.737384	1.161419	2.491111	0.624869	2.891767	
1.288025	-0.014674	1.980321	-1.285752	-2.596386	-0.969059	3.559072	0.768912	-0.826529	-0.024347	
-1.463297	0.562366	-2.218041	-1.536051	-0.909082	2.551910	-0.173672	-0.010195	-1.193658	0.374180	
0.943325	0.940415	4.293773	2.716099	1.306138	2.336857	1.049054	2.618574	2.609841	1.348675	
2.277497	1.937287	2.302017	0.973985	4.510784	1.897964	1.206829	2.122826	0.989302	1.521197	
0.240036	1.197073	2.270163	-1.113153	1.050988	2.076703	2.445015	2.363405	-1.862761	0.917847	
0.856510	1.139204	0.009123	3.905322	3.179817	2.008561	3.639192	3.667889	-0.478538	2.778210	
0.603420	-1.732358	-0.262942	0.472464	-0.671897	-2.583866	-1.565338	0.341031	1.573504	0.049299	
3.534424	2.615570	1.551054	3.397954	4.650222	1.366147	3.000493	3.628793	0.421836	2.673628	
0.915504	1.908934	2.016504	-0.235226	0.463323	1.934460	3.025557	2.927738	1.109766	1.271076	
-0.569862	1.298048	0.506347	-0.384209	0.223364	-1.316347	-2.127132	0.965073	0.769021	0.241560	
3.362205	1.955233	4.597569	3.248359	1.844406	0.742069	5.038850	3.798657	2.273052	2.625409	
2.091301	1.096150	2.742275	3.117897	2.206926	2.784415	1.995442	2.417268	-0.298111	2.627612	
3.481910	2.264591	2.717778	1.661658	3.081546	1.084863	2.278460	0.554259	1.586780	2.524320	
0.980958	2.961469	0.910528	2.779157	2.177484	1.177124	3.713325	4.816784	0.825953	1.091226	
3.219664	-0.201445	-0.963205	3.453156	4.535487	2.597845	4.693412	1.059186	1.748945	1.264042	
2.817052	3.184988	3.648147	3.106739	1.002807	-0.023423	3.596733	1.029980	3.041673	3.535853	
3.899772	1.881876	2.043297	1.903779	1.335707	4.374059	1.361649	4.103861	1.106938	1.214051	
2.410448	0.755945	5.544779	1.048665	1.783929	3.235703	2.663126	2.014302	1.021582	4.378250	
2.722532	3.922750	0.513861	2.619786	4.943321	3.929771	2.584400	0.595162	3.069523	2.066844	
1.667027	0.542813	6.040130	0.589460	1.412763	1.487965	-0.538417	2.532996	5.126952	3.996442	
2.361567	2.637588	2.343705	4.188450	1.727387	-1.282788	5.285582	2.658380	1.220894	1.202309	
4.276438	3.429194	1.711636	3.716954	0.853505	1.798200	-0.951249	2.331492	4.428772	0.651173	
-0.300539	0.771939	2.122048	3.089482	4.745312	2.011369	-0.240646	2.064512	2.995328	1.865039	
1.915591	0.271978	4.567086	2.190859	4.050761	1.140902	0.512262	3.650289	2.049142	1.327026	
2.627974	5.483716	1.295644	0.859560	1.555189	1.999440	0.584664	0.695910	2.462203	1.368366	
2.188158	1.756934	2.783597	1.508983	2.938590	3.535517	-1.691586	3.248093	3.635182	0.919767	
-0.589337	-0.679172	-3.125743	1.248303	-1.074601	-0.905639	0.824217	-0.309761	-0.061033	-0.606975	
2.779497	2.100462	2.899893	2.300126	0.681120	2.025047	4.832897	1.997702	0.635273	0.724518	
1.809722	0.546145	4.420489	0.244196	3.212342	5.706542	1.159745	0.856937	0.670768	2.292057	
0.557226	3.141540	0.391320	1.047736	3.272835	3.181448	3.108959	3.761583	1.899375	3.612335	
0.025855	4.197955	-0.059404	0.559417	0.173664	1.620071	-3.122135	0.376316	-1.725730	-1.478576	
0.407694	2.284387	-0.686353	0.950726	1.973770	4.239657	0.575963	1.802910	3.281238	2.867018	
0.660186	3.402519	0.888146	-0.224880	3.227451	2.035528	2.029944	3.339209	3.216601	1.017413	
2.259479	1.923174	2.639716	2.802743	2.570573	1.819608	-0.813335	1.336865	2.306444	0.729577	
-0.198934	1.948993	4.161969	3.810258	2.033363	3.310697	-0.185261	2.946102	0.087356	1.900042	
-0.263472	1.049460	0.296145	1.567841	-0.467719	1.250221	0.785803	-0.204459	1.727951	0.257563	
0.428270	3.548942	0.102693	1.677557	-1.466585	-1.151747	0.118208	-0.493931	0.945278	-1.117536	
2.127756	2.221198	1.348855	4.067508	-1.361649	0.838729	3.188223	2.511249	2.223819	2.027922	
3.825341	3.514243	2.851684	4.223573	0.623697	1.355269	2.533777	1.074729	1.739137	2.647055	
0.410546	3.389199	4.065757	1.890459	2.695349	2.582206	1.378946	2.559574	2.938785	0.830599	
2.616070	0.861920	1.019287	0.938198	1.741272	1.061602	1.524767	1.604402	3.762303	3.121083	
4.009035	2.801849	2.333559	2.610707	4.094308	0.242734	4.066973	-0.774932	4.255267	2.753529	
1.007526	1.918127	4.435533	2.622984	2.756705	1.902722	2.330308	2.743863	2.027995	0.472452	
3.194928	1.849007	3.581969	3.032188	2.966593	1.676952	1.718408	2.770188	0.823913	0.428099	
0.637210	0.238489	2.203094	-0.304994	1.717338	-0.534789	0.471455	2.861889	0.927815	-0.693817	
0.246656	0.967798	2.053881	0.870866	2.883268	1.405184	1.879733	4.008053	1.007721	2.181825	
1.686331	1.515501	5.479062	1.949129	3.978681	-0.461558	3.037692	0.255358	1.715479	1.829145	
1.887064	2.174463	0.558323	0.241718	0.681829	-0.416551	3.568038	1.631901	2.970992	1.258289	
0.454913	0.742579	2.753955	-2.027772	1.562813	-0.901311	1.038041	-1.792038	0.162283	-0.924550	
4.205893	1.891072	2.996820	2.905271	2.605314	2.389569	1.060297	0.782707	2.624403	2.046189	
0.780322	1.293427	6.271387	3.863436	4.273927	1.891265	2.878647	2.494610	3.390101	1.194271	
-0.120041	1.033239	0.040826	-2.097944	-0.312957	0.603524	-2.037477	-2.152142	1.005211	-1.709156	
1.775875	3.539387	5.347806	3.777673	2.816374	3.875744	0.964049	1.675194	3.254771	2.315316	
1.449036	2.871771	2.115228	3.657686	1.997069	1.239327	1.600410	1.183046	2.795493	-0.318520	
1.120246	1.480568	0.100941	2.093548	3.241917	2.810542	2.732183	0.996379	3.238631	1.607135	
0.739609	0.184786	-0.676595	-1.220938	-2.147629	-0.459521	1.457110	-2.015213	2.455058	-0.728652	
0.513927	1.106329	-0.559492	0.207708	0.324127	-0.038569	1.763328	3.238402	2.045941	-0.629817	
1.745718	-1.096255	0.485125	-2.257310	-0.654965	-1.264774	-0.611607	0.619260	-2.476858	-0.200294	
0.929678	2.274386	2.150683	2.419432	2.035478	3.790097	1.392084	2.654225	1.069193	2.889317	
3.065517	3.615341	-0.184297	0.906276	2.709943	2.780047	4.165121	4.393316	4.583834	2.492071	
1.669482	-0.693795	0.690371	-0.161991	1.168432	2.423078	-0.442190	-1.609472	3.076070	-2.335997	
2.416163	1.795095	-1.675415	2.307247	1.523699	-0.060371	2.926062	2.688972	2.838026	0.058295	
2.943704	1.912395	-0.805345	3.056275	1.368811	-0.107570	3.081020	2.775676	1.410193	2.351027	
0.157464	-0.729755	0.483430	2.308094	1.832249	2.387017	1.981706	4.081475	0.591908	2.979449	
1.048211	1.884040	1.117924	-0.507168	-1.597795	0.192550	0.603082	1.208123	0.371197	-0.525110	
-0.018585	0.381473	-0.469949	0.432900	2.149321	0.953219	-1.185248	-0.761433	-0.037159	0.675128	
0.721014	2.045300	0.515232	0.847735	-1.924186	1.183006	-1.434205	2.137356	-0.479150	1.885724	
1.969927	0.509096	0.722787	-0.362438	0.170711	0.482280	0.412379	-0.605164	-2.392067	1.740789	
-0.988573	-0.967425	3.873205	1.930521	0.474198	1.843627	1.216596	2.151232	2.455390	3.025199	
1.412348	-1.944727	-0.038553	-0.437363	-0.762948	1.926351	-0.236764	1.825703	1.370349	0.593516	
-0.604025	1.144456	0.809979	-0.587879	-0.310057	1.738472	-1.932601	2.951955	-2.940040	0.073870	
-0.350752	-0.313409	0.273574	-4.336820	-0.257031	1.767059	-0.097189	1.643086	0.508375	-0.430974	
0.682341	0.880565	-1.116205	-0.556672	-1.044844	-0.630081	-1.432335	-0.782556	-0.983338	1.624634	
1.896078	-0.873076	1.321132	-0.912608	0.756994	-0.668488	-0.661016	-0.953320	-0.891774	3.092608	
1.095301	0.506790	0.818941	-1.088174	3.487032	2.271765	2.529590	-0.789782	2.171934	-0.344201	
0.809838	2.275036	1.741203	1.845031	-0.320684	0.186892	1.234974	1.471064	1.726554	1.380767	
3.246799	2.354851	1.731365	1.570022	2.718320	-0.089925	2.671757	4.631782	2.056932	3.887858	
0.065818	3.125783	2.153271	2.369741	1.640774	-0.249264	3.822050	1.708141	1.137661	1.877767	
-0.068561	2.115396	2.483282	4.344634	2.595306	3.806942	0.625600	1.752872	2.101471	2.347696	
0.010147	1.008772	4.416639	1.541431	0.603080	3.694289	3.770449	2.581343	0.210016	0.398786	
-0.435260	1.587731	-1.165872	-0.383554	-0.977560	0.191771	1.038215	0.106334	-2.247318	-1.487410	
2.354042	2.439084	0.070778	0.836672	2.546695	2.597356	3.626737	1.760174	0.220991	1.029837	
1.612331	3.329191	1.784489	2.443621	5.372071	2.727879	1.010648	4.561620	3.641948	3.039623	
2.182371	2.753108	1.587081	3.500471	1.763554	-0.258899	1.596303	3.028193	0.469050	2.563735	
2.743934	1.949985	0.742077	0.616596	1.036828	1.886603	0.019549	3.287676	4.353713	3.122863	
-0.022942	1.626023	1.732989	2.132113	3.051433	1.343733	2.245221	3.057798	0.867028	1.517257	
0.740878	2.315399	0.815671	1.543131	2.488231	6.154758	1.110173	4.754862	1.605704	1.804764	
3.954837	1.985105	0.140052	0.392622	0.489106	1.683718	3.737858	3.268997	2.385308	2.690288	
-1.392294	-0.075937	0.177948	3.868031	0.298592	1.349898	0.238315	1.668797	-0.108842	-2.818354	
0.871763	0.413609	-0.119156	1.046862	0.462275	1.214844	-0.250152	0.607096	-2.260427	-2.600768	
-2.268552	-0.385630	-1.189031	1.252188	1.351693	-1.897041	0.139121	2.086106	-3.628148	0.548569	
3.827586	2.109163	2.230645	0.317317	3.379836	4.942365	2.091201	3.876750	1.349918	0.837537	
0.003923	4.254653	3.209541	-0.991386	1.696591	1.500524	1.136001	3.229394	2.309455	1.606471	
-0.467165	0.148954	-0.968239	0.869368	2.144916	-2.010068	-1.336085	-1.152505	-0.594915	1.682577	
1.705263	1.339997	4.296670	2.193986	3.093280	0.922435	1.686210	1.583426	-1.258956	2.483905	
-0.503365	0.055552	-0.131254	-3.586115	0.976298	-1.969127	1.068997	-0.726495	1.023442	0.434032	
-0.131725	0.428196	-1.219547	2.124491	-2.317991	-1.565882	1.139725	0.430818	1.130204	0.300717	
2.828137	2.532569	1.582469	6.551532	2.246449	4.148768	-0.258343	1.976719	0.691161	0.879398	
0.815816	-2.083684	0.379876	2.389463	0.418554	3.345125	1.167448	0.570439	-1.670544	-0.002791	
4.904541	1.489307	2.482486	1.373630	2.512837	1.747313	2.620159	-0.986866	1.157186	0.856911	
2.468444	2.832982	-1.116200	3.174177	2.438111	2.309272	0.361420	2.402662	0.499845	2.608040	
-0.139348	2.716856	4.520983	3.694335	1.431140	2.702343	5.141135	2.310022	2.805501	5.081381	
-1.090379	-1.687954	-0.534604	-0.476011	1.079272	1.776862	0.742298	-0.286567	0.128184	-1.326389	
1.334197	4.110635	2.356251	0.396122	1.421641	3.133861	1.787676	3.535104	1.771400	1.082557	
0.419065	1.225770	3.185967	0.899728	5.610479	2.362079	3.139990	1.258561	3.418470	1.114847	
2.475892	1.858024	2.884113	1.858228	2.709989	0.970615	-0.095879	1.877916	-0.869059	2.148000	
4.065470	0.151428	1.443816	3.626928	1.648094	2.799971	2.736926	-0.202852	0.544361	0.420025	
2.428197	0.389149	1.016636	2.958475	4.433137	0.157757	1.893932	-1.153366	3.244502	2.092364	
2.050520	2.125197	2.423160	1.594711	1.912685	3.443723	3.594570	4.014814	4.057346	3.514914	
-1.087958	0.740209	-3.080181	0.609356	-2.084120	-2.218741	-1.720913	-1.320759	1.650749	1.461723	
2.718075	3.492559	2.253379	3.407947	1.745976	1.202595	1.911654	1.819521	1.073466	2.556235	
-0.233098	1.181100	1.847432	1.893905	1.569753	3.838971	2.369625	2.854111	3.010624	3.453386	
2.938744	1.154114	1.401918	2.862218	0.970585	0.967884	0.787263	2.393262	3.014204	3.512724	
-0.811071	3.897316	5.323665	3.901160	2.215065	2.593171	2.391313	1.345550	2.450805	1.691696	
1.190990	-1.047135	-0.299769	0.329118	-1.600977	-0.113758	0.366826	-1.317271	-3.475061	-2.866706	
-0.951578	2.113946	-0.460663	0.429687	-2.705190	1.006897	-1.873974	-0.210131	1.848840	-2.074752	
-0.150392	2.287357	3.974729	3.357040	3.293846	1.866821	1.326204	1.087774	3.933589	0.431142	
0.842078	2.566923	-0.228239	3.039338	1.303500	2.204576	3.282444	2.048462	-0.465690	0.918540	
1.920915	1.240299	3.346052	0.468409	0.397150	0.250238	0.357817	0.731910	1.432298	-1.806324	
3.762991	3.513578	0.468697	0.900868	2.646047	0.386709	2.646191	1.052216	3.475187	2.038629	
3.807529	1.716575	1.211426	1.747153	2.803658	4.088601	2.436477	1.275779	0.362084	1.931602	
1.517136	-1.876443	0.440643	1.605852	0.427345	-0.626362	0.758265	-2.237648	-1.796579	0.600945	
-1.748643	2.621677	2.535526	-1.571155	0.001990	1.473653	-1.102114	3.879226	1.390466	2.023699	
0.365424	0.727058	-0.886900	-1.017551	-0.058075	-0.679224	0.614765	-0.299388	0.021517	0.684198	
2.671544	4.508123	0.653771	3.147808	1.837635	0.374314	0.964241	1.549165	2.712266	2.181508	
3.561810	-0.255055	-1.481770	0.526755	-0.125567	-0.047408	0.520002	-0.939426	0.797378	1.050761	
2.551236	3.975961	3.565366	2.305506	2.875605	0.250138	3.289793	3.480532	1.451305	2.013897	
-0.091579	1.605571	2.295027	2.490810	-0.021048	-0.017104	-1.672923	0.620176	0.665189	0.010534	
2.457231	2.289609	1.478644	0.026928	1.614987	4.009541	2.519039	1.578712	2.724409	0.921787	
2.121435	3.002272	2.035331	-0.536281	1.926444	1.595760	2.825777	1.379623	1.539779	3.240402	
0.889933	3.389435	-0.643612	3.010830	1.473492	0.128978	-0.232171	1.850345	0.685982	4.487011	
0.430799	1.969057	0.817385	1.304820	2.683709	3.317895	3.038704	2.352184	3.159143	2.990809	
-0.015304	0.830352	1.561604	0.655926	2.347184	3.789837	0.519695	1.300215	-1.221032	-1.631671	
2.619937	1.600022	2.423210	2.066023	2.370905	1.235323	0.936765	2.044251	-0.009266	5.037777	
2.488169	1.750184	2.414347	3.310027	2.095210	-0.762248	3.804225	1.975425	3.993822	0.873610	
3.095390	1.702168	2.014522	0.811877	1.590713	-0.550780	1.215154	1.332302	3.894908	0.193653	
-0.753148	-0.799459	0.023480	0.019213	2.407186	1.006419	-0.013450	0.800951	0.661623	-1.300345	
1.146737	2.098091	1.440494	-0.231495	0.534092	-0.528763	0.372672	1.656871	0.249000	-0.431897	
1.766513	2.789040	-2.101151	3.040227	1.555097	2.420115	4.454907	-1.691077	0.843337	0.798962	
2.400831	1.448726	2.319116	0.267293	3.294975	1.344902	0.886093	1.900650	1.937098	-1.598607	
3.934649	1.753440	3.592657	0.825268	3.184133	3.289972	2.244788	3.855554	1.045659	0.593517	
0.616533	3.434786	2.314502	1.151954	0.647025	-1.569235	4.438859	1.284557	2.165366	2.499099	
0.848227	-0.384604	-0.258306	-0.902099	1.405228	-0.537190	-0.254337	-0.733811	-1.234880	0.979184	
1.460644	0.409264	2.815768	1.499575	2.759013	2.405411	1.987789	2.214451	1.216392	1.239483	
2.656922	0.678287	1.853931	1.132149	0.918868	4.047317	3.592684	2.577400	2.129175	4.125762	
3.881400	-2.293740	2.141983	3.401992	0.462794	1.467572	-0.309921	4.345698	1.024997	3.428785	
2.565610	-0.332180	-1.349440	1.052110	1.242620	0.977073	-1.749265	0.821087	-0.959133	1.586021	
1.743975	-1.560987	-0.276823	0.876871	-0.604346	0.219584	-0.470234	1.811821	-1.056957	-2.040561	
2.498691	1.153895	3.741715	3.140889	2.229262	4.203129	0.314558	1.727376	2.406364	-0.865465	
0.245465	1.872512	1.570554	4.041479	1.913855	3.324916	2.050053	1.692778	1.372364	1.231301	
3.125194	1.636843	2.614613	1.656518	3.639376	1.430808	3.625165	2.155138	2.176890	2.749231	
1.785612	1.248802	1.864919	5.754433	4.606089	3.387099	1.898018	2.489170	0.606668	2.810130	
0.656527	2.214257	1.190158	2.864926	3.102853	5.110746	0.985467	1.257730	1.708144	3.173230	
-0.303780	0.099206	0.503034	0.010395	-2.207269	-1.639129	2.857518	2.140190	0.536676	1.421889	
-1.188752	2.412548	-0.400130	-2.285801	0.003788	0.035832	1.717199	0.360874	-1.264091	3.022838	
-0.377782	4.040822	0.265014	1.236733	3.157957	0.997128	1.486114	0.454871	0.733484	1.773797	
-0.821468	3.055718	-1.098054	3.241391	0.955817	3.025532	3.739949	1.585823	2.401116	2.180145	
3.982808	2.293269	2.283430	2.572800	1.265364	2.218965	3.353379	3.310351	2.335690	1.376416	
0.153845	2.947332	0.728789	3.540117	3.909696	4.294448	1.414813	0.945001	2.823254	1.494703	
1.668705	1.229214	2.546723	3.009316	2.796472	1.244717	1.744117	-0.152328	1.385974	0.955190	
0.306466	2.871126	2.020380	2.092392	3.308434	1.402396	0.240371	1.265006	3.100680	3.066895	
-0.074527	1.674956	0.822146	0.591632	-1.056908	1.316904	-0.301171	1.034397	-0.375546	-0.398979	
0.084235	2.328606	3.276332	3.085679	0.119985	1.366664	2.165875	4.034734	2.018855	1.732064	
0.751882	-0.255829	2.111595	1.992423	4.292953	2.034074	3.145159	4.013664	3.194982	2.301113	
0.661819	3.815114	1.698043	1.739315	0.309543	3.429755	1.973528	2.653993	0.555830	2.906000	
1.732246	1.863295	1.122450	0.837838	1.712692	-0.286473	2.243546	-0.256823	2.930276	2.190418	
1.364106	4.646663	0.939281	2.915489	2.724053	0.614230	4.322086	1.567001	2.200523	3.847733	
1.682798	1.641612	3.053160	2.978662	1.818383	-0.654604	1.579210	1.955838	2.278230	1.550121	
3.770034	1.267071	1.381498	1.786224	1.793984	2.457067	1.340517	1.749991	-0.761659	3.904555	
0.574034	-0.086180	-0.349342	-0.658308	-1.250097	0.975514	3.437211	-0.312705	-1.867271	1.120162	
0.349840	2.044193	5.086964	4.871047	0.864786	1.949084	2.087774	1.007308	-0.182208	1.377841	
1.255332	2.415539	3.987061	-1.227575	3.877355	0.663505	1.607772	0.655576	2.512679	2.202520	
2.127047	5.068271	4.233273	1.660096	4.588382	2.052765	1.993064	2.252347	2.683327	0.482524	
3.654722	3.852607	2.613885	2.824523	1.407544	3.143277	1.807984	1.025416	3.458880	3.157021	
1.516063	3.877674	2.992583	0.622177	2.777581	0.744886	1.329013	1.353506	1.108382	0.302473	
0.274645	0.540950	2.393955	0.300717	2.631334	2.348130	3.591067	1.569137	1.978767	0.205104	
-0.583447	-0.447509	0.677255	-0.090595	-0.693856	1.247541	1.293061	0.192052	1.286430	2.093233	
1.661567	1.798963	3.468209	1.570637	2.199408	1.522740	0.313505	1.247073	0.563401	4.114366	
2.636621	2.005098	1.572593	0.842379	1.540504	3.398939	1.015759	3.929392	1.271986	0.685529	
-0.769872	4.364007	4.642938	0.952302	0.809162	1.728387	3.609146	1.460047	3.585876	0.283674	
2.683328	3.338328	1.891889	3.902223	3.970404	4.647360	1.760985	2.717841	0.716058	1.974088	
1.803923	1.546356	2.361229	2.859794	1.921821	3.790335	4.770671	1.025031	1.647649	2.729801	
3.054880	2.777558	0.771891	3.270411	0.956524	1.349811	2.136401	3.779852	2.869347	3.890419	
2.052814	2.951204	-0.257104	2.565949	2.552761	0.984162	1.190513	1.521839	3.757599	3.709246	
-2.014970	0.048167	0.452425	0.183944	2.248538	-2.493218	0.741073	-0.360915	-0.749493	-0.880778	
-1.180061	2.395487	0.037431	-0.310577	0.056218	1.765858	1.648780	0.017668	0.305863	1.189334	
2.610867	0.811567	1.034445	1.743073	1.863145	2.921587	0.770156	1.190784	0.581061	1.428130	
3.239822	3.816727	1.381174	1.574278	4.527765	5.256998	2.222758	-0.043407	0.351221	4.532295	
-0.513574	0.845398	0.220657	-1.977425	2.671501	0.285824	0.690326	-1.674915	-0.018951	-0.846019	
1.880044	1.881124	2.917266	2.242940	0.816037	2.268834	3.597354	3.855985	1.318106	2.642997	
-1.207267	0.947737	-2.181669	-0.167039	-1.730596	-0.032955	0.143396	0.651807	-0.933968	-1.423545	
2.173262	5.015276	1.554256	3.471065	1.495366	0.722102	3.037481	0.664830	1.445971	1.820955	
2.421907	1.419664	2.010785	1.918954	1.953075	2.570157	4.694348	1.900673	2.906115	1.734425	
0.609067	2.622040	2.499966	-0.368134	4.439362	2.488009	-1.338668	4.428569	-0.291711	0.286970	
4.318366	-0.259101	3.291630	2.056717	1.286812	5.707692	2.624116	2.952860	1.177936	2.134627	
1.266689	2.438465	2.317314	0.614210	-0.910482	-1.314164	4.134513	3.067050	3.033264	1.541841	
1.474548	2.013596	2.143967	4.005263	-0.582271	4.407206	0.056485	0.538559	-0.637797	2.027781	
3.824051	-1.538565	2.963390	1.585045	1.723477	1.428931	-0.471503	3.434686	0.875526	3.400170	
1.459386	2.445916	3.114557	2.695245	2.166778	5.048716	1.763080	1.025885	3.072937	4.582815	
1.730729	3.608410	1.860010	3.049141	3.815979	3.471678	0.102217	1.972800	3.609520	3.067702	
0.791746	1.257529	2.937769	3.284388	3.718448	1.037282	2.684518	0.432542	3.479346	1.995671	
4.709278	5.101326	-1.639862	1.415196	1.764708	3.415712	1.684443	2.932563	3.310666	1.488868	
-1.861411	-1.454901	2.155041	0.857427	0.808018	1.863576	2.653716	1.101146	1.526095	1.282492	
0.071898	6.069452	0.819372	-0.516570	1.065726	1.233856	2.750503	0.436738	2.734085	2.877058	
1.348659	2.571269	0.074861	1.894661	0.459433	-2.226234	-0.883804	-0.863286	1.849448	-0.993859	
1.292763	-1.212913	1.706323	-0.042695	2.754167	-0.841988	-1.640669	2.545305	0.899853	0.156426	
-0.056819	2.700122	-1.120809	1.461106	2.998132	-1.805803	-2.010498	-1.192756	-2.549379	2.465745	
2.170563	4.032227	2.428455	2.797713	3.130531	0.462492	-0.086106	2.119989	0.127301	1.612814	
2.198584	0.852935	3.626072	2.538943	3.522083	2.951858	0.042447	1.103003	1.886613	0.713114	
1.259471	3.322765	2.274775	2.184019	1.225219	3.275657	2.166124	1.529484	2.090339	2.837407	
0.019138	4.226535	1.245410	2.728328	0.646720	1.543790	2.008603	2.333927	4.284230	2.068894	
1.278913	-1.325071	0.339225	1.130177	1.051914	-0.853267	0.902506	-0.860392	0.185092	-1.833970	
2.633414	2.212352	2.849205	3.911517	4.359464	1.291299	3.121068	0.469651	2.101591	2.525428	
-0.142240	0.969514	2.628307	4.808395	3.452833	2.776460	4.707727	1.122774	2.165953	1.294888	
2.928229	4.234825	1.559642	4.349066	5.197652	3.315716	4.140581	1.587080	0.030059	3.235887	
1.597234	1.353977	2.777586	0.119689	3.146792	4.789182	2.869480	1.445181	0.027177	0.244439	
-0.248983	2.098493	1.644622	1.322636	2.648101	2.061317	0.607362	2.396874	5.590526	0.547676	
3.516737	-1.894229	-1.087791	0.877241	2.072939	1.328224	3.318669	1.445578	1.227347	2.513134	
-1.201157	-0.244645	2.039975	1.095343	-0.559324	2.131614	0.276667	-1.507349	0.346750	0.520108	
2.194853	1.862543	2.120987	3.903333	3.731425	3.263371	0.142085	3.269843	1.720559	2.802575	
0.223545	-0.743533	0.561535	-3.628652	0.135651	-0.133168	0.800570	0.070165	-1.047031	1.061967	
-0.827436	1.462428	0.745668	-0.558362	2.461601	2.461676	0.331828	0.290917	1.567926	-1.832544	
1.124950	2.760130	0.767020	1.792621	3.791269	2.935138	2.233439	3.479491	6.243339	1.094290	
1.585239	-1.266601	-0.219802	1.243937	-1.915939	-1.474164	-0.123540	1.765894	-2.414220	0.006925	
3.881740	0.890862	2.413719	2.364924	1.958153	0.989310	4.529745	1.768640	3.528516	3.592578	
1.914139	1.923588	0.791628	1.088291	0.319504	1.081499	2.925660	1.370173	2.751603	-0.299658	
-1.554209	-0.211113	0.108989	-1.315828	-0.338662	4.522825	-1.475193	-1.340556	0.297375	2.011145	
4.138341	3.840983	0.270441	1.457894	3.565321	1.249330	2.001497	0.583243	3.239480	2.690623	
0.110618	-0.486608	0.192588	-0.153734	-1.204276	-1.222131	-0.750557	0.290725	-0.480221	-1.890751	
