5.251795	1
1.346301	1
0.794009	1
0.261350	1
1.143106	1
3.770293	1
3.852424	1
3.087194	1
0.742278	1
0.184556	1
3.221650	1
0.353077	1
4.841485	1
4.976262	1
2.952731	1
-0.268856	1
3.259610	1
1.320412	1
2.079358	1
4.317906	1
-0.022134	1
-0.851160	1
6.034116	1
3.859318	1
5.026002	1
0.960943	1
1.273446	1
0.241609	1
-2.023500	1
3.798617	1
1.767222	1
3.023784	1
-0.556886	1
2.146842	1
-0.934600	1
0.872739	1
-0.437647	1
1.834513	1
1.192552	1
1.565808	1
5.067630	1
-0.489287	1
-1.940924	1
-2.925755	1
4.760985	1
3.054106	1
-1.869011	1
0.723506	1
0.951148	1
3.160421	1
-0.815160	1
-0.994131	1
-0.593405	1
4.685742	1
-0.022794	1
4.453789	1
3.532814	1
0.228970	1
0.245799	1
2.324272	1
1.105204	1
-0.951736	1
3.698588	1
2.707588	1
-1.752319	1
-0.846757	1
1.070415	1
-1.682387	1
5.098922	1
-1.638077	1
4.424415	1
-0.481437	1
-1.755494	1
-0.392213	1
1.563132	1
3.653532	1
3.530607	1
2.871013	1
-0.678746	1
-0.237763	1
5.177613	1
-1.774359	1
3.700166	1
-0.980353	1
4.995017	1
3.940268	1
-0.434576	1
0.701365	1
-3.064189	1
-0.224490	1
-0.221477	1
-0.349671	1
6.619667	1
1.028085	1
4.317138	1
5.436290	1
-0.483409	1
0.007726	1
-1.900166	1
4.897711	1
-1.456804	1
-2.361934	1
3.203025	1
4.439982	1
2.397256	1
5.188682	1
1.943924	1
-0.133895	1
1.645652	1
5.314934	1
3.255753	1
1.938944	1
4.497006	1
4.452412	1
-1.950086	1
5.133792	1
2.563846	1
0.172081	1
-0.326220	1
5.445008	1
-0.358036	1
1.726276	1
4.867070	1
-0.606437	1
0.666758	1
-0.129397	1
4.346317	1
-0.639745	1
5.966751	1
2.856438	1
4.314579	1
0.813855	1
-0.033560	1
0.086948	1
2.037718	1
3.251257	1
1.698130	1
2.631348	1
-1.162643	1
2.793275	1
-0.260874	1
0.266771	1
0.847355	1
6.437263	1
4.460028	1
-1.283475	1
0.406662	1
4.540376	1
1.296135	1
-2.780124	1
0.654465	1
3.925403	1
0.749804	1
2.715438	1
4.109674	1
3.637958	1
-0.216713	1
0.052125	1
0.038349	1
3.157006	1
7.656136	1
4.765712	1
-2.900229	1
-1.344787	1
3.191915	1
0.366849	1
0.260173	1
-0.836484	1
4.720582	1
4.026438	1
3.727935	1
4.824729	1
0.435816	1
4.880580	1
-0.526924	1
1.598578	1
-0.845289	1
-0.236215	1
4.902459	1
-0.653164	1
0.052045	1
4.285866	1
3.780402	1
5.203065	1
6.010227	1
-0.730014	1
-0.057476	1
-0.630230	1
1.313260	1
-0.679886	1
5.025174	1
3.727498	1
-2.286836	1
-1.981344	1
1.304238	1
4.619092	1
1.150692	1
0.214054	1
-0.507476	1
1.957639	1
3.889974	1
-1.386168	1
-1.525692	1
6.265715	1
2.494169	1
3.874893	1
2.750022	1
5.880405	1
1.256947	1
2.785542	1
5.850352	1
2.369627	1
1.003175	1
4.796053	1
2.427549	1
1.701357	1
3.113161	1
2.869625	1
0.710088	1
4.816791	1
4.210920	1
6.010311	1
7.198424	1
1.314890	1
3.650689	1
3.512004	1
5.486817	1
4.524195	1
1.258086	1
-3.294566	1
2.877450	1
3.916470	1
-1.172017	1
2.539689	1
6.829978	1
1.935706	1
3.406946	1
3.801920	1
-2.232168	1
-0.060208	1
4.516036	1
5.169886	1
1.519405	1
0.461741	1
1.458553	1
-1.228380	1
2.911822	1
0.040431	1
0.594684	1
3.982549	1
0.476972	1
1.524012	1
-2.083334	1
0.755788	1
-2.303436	1
2.883113	1
0.310362	1
5.512612	1
2.113766	1
3.283667	1
3.818546	1
-0.853273	1
-1.799646	1
4.859162	1
3.750165	1
-3.006975	1
3.670871	1
0.634093	1
3.275032	1
4.413133	1
3.602691	1
4.481137	1
2.250574	1
1.587358	1
1.074837	1
2.592932	1
0.219356	1
1.462112	1
2.288095	1
3.523731	1
-1.078048	1
7.439109	1
1.816292	1
-0.085533	1
1.234985	1
5.104178	1
6.106261	1
-0.592349	1
0.212090	1
-0.602336	1
-1.496110	1
4.306054	1
4.514577	1
0.397728	1
3.359013	1
3.419324	1
5.257629	1
-0.188212	1
4.568313	1
0.715593	1
7.397364	1
0.781577	1
5.163810	1
-0.569698	1
1.871750	1
1.634669	1
-1.390887	1
0.975279	1
-0.449624	1
-0.587198	1
0.907726	1
-0.086078	1
1.915631	1
3.577861	1
1.511518	1
4.119081	1
-0.268781	1
2.934467	1
-1.025428	1
-0.171648	1
3.509968	1
3.412681	1
1.099258	1
1.661874	1
2.070332	1
5.063143	1
1.676717	1
0.932756	1
-0.996778	1
-0.666703	1
-2.347698	1
-0.544672	1
2.388740	1
1.227607	1
5.647445	1
-0.261867	1
-0.875396	1
1.312208	1
6.204010	1
0.862328	1
2.717426	1
5.524061	1
0.629554	1
5.378913	1
0.434938	1
2.158943	1
1.432895	1
-0.007517	1
1.280233	1
2.528850	1
3.315014	1
0.466962	1
5.923732	1
3.636988	1
4.985729	1
3.716465	1
5.518117	1
2.828457	1
-1.152050	1
-1.218218	1
0.663975	1
-0.124603	1
2.513218	1
-1.463303	1
-0.128703	1
2.920800	1
2.590807	1
5.228494	1
0.433346	1
3.615045	1
2.845761	1
5.350256	1
1.525254	1
4.941709	1
-1.288749	1
4.440068	1
4.169167	1
-0.866686	1
-1.223161	1
-0.132156	1
2.996253	1
5.948223	1
5.091238	1
2.517495	1
-0.500309	1
2.317726	1
3.118451	1
3.730612	1
3.677420	1
-0.320369	1
-0.939510	1
1.375229	1
0.702820	1
1.678933	1
3.951975	1
5.694441	1
4.341707	1
1.677930	1
5.679503	1
-1.520186	1
-0.782341	1
2.166536	1
2.021673	1
0.588957	1
3.343329	1
2.499642	1
2.601339	1
0.131872	1
2.710612	1
3.554791	1
-2.329904	1
3.681131	1
-0.892290	1
-1.564550	1
1.248356	1
2.367702	1
1.348546	1
0.036076	1
0.804748	1
-0.305698	1
-2.011017	1
-0.985711	1
-1.455346	1
-2.600076	1
2.416323	1
0.024326	1
3.894885	1
-0.450475	1
2.609190	1
5.114831	1
1.016597	1
-1.821319	1
3.451600	1
1.603858	1
1.500688	1
4.821677	1
0.334657	1
0.744722	1
3.512175	1
4.810049	1
2.404029	1
-0.586293	1
-1.350196	1
2.040340	1
-1.877944	1
2.419072	1
4.919646	1
2.400769	1
1.485941	1
-0.125907	1
1.074832	1
3.570669	1
3.736592	1
2.011075	1
3.631043	1
2.355335	1
1.186549	1
4.697960	1
5.512370	1
-0.899649	1
1.199840	1
1.888316	1
5.661775	1
5.166721	1
5.354894	1
3.143084	1
-2.299438	1
-0.167770	1
3.427621	1
2.071606	1
0.160843	1
-3.348031	1
-0.588285	1
4.106256	1
5.267748	1
2.130865	1
-0.935460	1
-0.260701	1
-1.609733	1
1.403748	1
1.157174	1
3.706608	1
2.883964	1
2.305372	1
3.664448	1
5.068643	1
2.450892	1
-0.951309	1
4.253134	1
-2.653565	1
0.258033	1
4.119875	1
6.253212	1
3.882274	1
-0.101068	1
4.597981	1
-0.642236	1
5.340829	1
0.636248	1
-0.108739	1
0.060311	2
7.889394	2
3.124946	2
4.370806	2
2.852696	2
5.178286	2
1.837033	2
6.004861	2
1.723609	2
2.373600	2
-0.556507	2
1.645033	2
5.523441	2
1.305490	2
5.025815	2
6.647027	2
3.764206	2
3.644651	2
4.270758	2
1.359335	2
1.140755	2
7.562303	2
4.920723	2
8.382316	2
6.718326	2
6.324991	2
6.355941	2
0.438753	2
7.243119	2
4.990793	2
2.860848	2
6.958118	2
6.693556	2
2.922806	2
6.863448	2
7.028445	2
2.004147	2
1.928352	2
4.261574	2
8.748196	2
-0.023101	2
4.706539	2
3.819456	2
4.365800	2
5.099757	2
7.450905	2
2.242381	2
2.539088	2
3.461980	2
1.296566	2
2.655236	2
4.570421	2
4.474614	2
1.904650	2
8.133162	2
6.954056	2
2.351586	2
7.087929	2
2.552667	2
4.818173	2
3.831853	2
2.984879	2
1.666131	2
2.613138	2
6.386387	2
6.267045	2
4.593634	2
7.636844	2
7.206960	2
1.741392	2
1.382110	2
6.501282	2
6.485440	2
5.157914	2
5.253933	2
3.097953	2
2.003046	2
0.700712	2
2.830040	2
-0.325191	2
8.966308	2
1.512951	2
5.671375	2
3.018440	2
2.454232	2
6.384545	2
3.021194	2
6.708772	2
2.374016	2
7.226431	2
5.560580	2
5.345352	2
4.946197	2
1.053930	2
2.541145	2
3.895821	2
1.559438	2
5.171252	2
0.607596	2
2.137843	2
7.249360	2
6.376713	2
6.432661	2
5.722317	2
3.600621	2
6.127853	2
7.774516	2
3.310683	2
7.281042	2
6.052409	2
1.625995	2
5.734380	2
1.234597	2
5.336936	2
2.282952	2
2.384538	2
5.597540	2
0.338503	2
5.138775	2
8.326657	2
1.809476	2
-0.677966	2
2.710267	2
5.858683	2
7.503124	2
8.626794	2
-0.040154	2
5.667038	2
1.363441	2
2.281462	2
1.401073	2
3.058937	2
7.379878	2
5.494632	2
5.953693	2
3.465494	2
2.906244	2
-0.173205	2
5.149569	2
2.046202	2
5.529914	2
3.908219	2
4.828265	2
2.250527	2
6.601656	2
5.471337	2
4.909889	2
3.394440	2
2.104044	2
1.663580	2
7.546251	2
4.009668	2
7.613935	2
2.322227	2
9.776346	2
4.089398	2
6.621478	2
2.420268	2
0.233293	2
3.621018	2
5.937160	2
6.124434	2
10.190521	2
7.047289	2
0.480428	2
3.545397	2
2.226309	2
2.494130	2
1.382092	2
4.409243	2
2.311137	2
5.446392	2
5.910259	2
1.635952	2
1.432490	2
7.735994	2
3.963630	2
6.861622	2
2.233286	2
1.943938	2
1.492546	2
8.125953	2
4.386968	2
4.552508	2
8.658467	2
10.099523	2
2.218227	2
5.417382	2
4.510655	2
3.226850	2
1.130215	2
2.367924	2
2.016401	2
3.700716	2
7.357717	2
9.823840	2
4.119074	2
6.569311	2
5.089285	2
5.085776	2
2.418580	2
7.341265	2
4.968493	2
5.282127	2
6.213142	2
7.136820	2
5.161719	2
0.523044	2
1.901768	2
2.488600	2
-0.252892	2
6.449770	2
1.517259	2
2.405775	2
3.919601	2
5.042936	2
2.694516	2
-0.037435	2
2.486835	2
5.662141	2
5.019309	2
0.426526	2
3.940554	2
4.877116	2
0.447313	2
3.766603	2
0.607805	2
-2.226171	2
2.140994	2
7.522353	2
9.691493	2
5.754575	2
5.315464	2
1.103901	2
6.005033	2
1.177565	2
4.824090	2
-0.635462	2
1.760548	2
0.967679	2
4.782670	2
1.075411	2
5.323604	2
2.723550	2
2.558352	2
2.405510	2
2.641323	2
1.800923	2
2.078385	2
3.236041	2
3.173125	2
-0.092900	2
4.053424	2
2.062577	2
4.704294	2
2.189799	2
-0.463940	2
5.914853	2
-0.347831	2
3.916432	2
6.679053	2
-1.224783	2
2.107781	2
5.623668	2
-1.753364	2
7.823275	2
2.824773	2
7.722035	2
8.257138	2
4.072084	2
5.436577	2
5.197143	2
6.896387	2
0.783192	2
8.475448	2
4.149385	2
0.572945	2
1.981250	2
4.028796	2
8.090142	2
3.516875	2
6.316723	2
5.975152	2
2.215195	2
5.659258	2
5.378976	2
1.282594	2
1.293163	2
6.027331	2
8.087935	2
3.744480	2
5.838148	2
6.098301	2
4.572342	2
5.502535	2
0.952497	2
5.194224	2
2.333570	2
0.804675	2
3.003558	2
6.891068	2
1.565187	2
3.673682	2
3.024267	2
1.337739	2
3.086918	2
4.221559	2
5.432655	2
4.490494	2
5.828067	2
4.140490	2
4.827818	2
5.213890	2
-0.202596	2
6.897187	2
1.747809	2
0.655125	2
-0.177639	2
2.575310	2
4.277924	2
5.758149	2
4.457742	2
5.591672	2
6.914433	2
2.087010	2
5.469615	2
0.674933	2
3.751787	2
4.354961	2
6.300457	2
3.198053	2
3.460898	2
7.842972	2
1.142508	2
2.875331	2
4.930543	2
6.756903	2
3.059872	2
-1.304743	2
1.375161	2
3.286886	2
1.504211	2
9.673658	2
7.074281	2
4.693997	2
-0.299495	2
3.302778	2
2.378593	2
4.301983	2
2.212504	2
1.698808	2
6.246147	2
2.932728	2
3.178970	2
5.924892	2
1.817811	2
6.731725	2
3.647670	2
7.870967	2
7.808881	2
3.162108	2
1.719033	2
0.342281	2
4.347531	2
-0.063446	2
3.590079	2
6.385834	2
2.278577	2
3.703003	2
6.734991	2
1.325921	2
3.818805	2
4.386135	2
1.265945	2
5.159630	2
2.697556	2
2.250185	2
1.437485	2
6.056137	2
2.296679	2
5.793781	2
5.252742	2
1.594045	2
5.039714	2
-0.032123	2
5.160417	2
3.584525	2
5.471330	2
8.848472	2
2.782701	2
4.088606	2
6.901787	2
-1.815071	2
7.073282	2
1.290160	2
6.407189	2
6.840964	2
5.684579	2
3.703982	2
5.179789	2
2.996691	2
4.980731	2
5.146869	2
6.726778	2
1.620083	2
3.457977	2
7.108247	2
2.026496	2
1.533795	2
5.712788	2
6.515195	2
5.416179	2
5.163821	2
1.449699	2
1.553724	2
4.877816	2
6.086199	2
2.477357	2
5.728369	2
-0.904601	2
4.825297	2
5.387355	2
1.406333	2
0.351199	2
5.011466	2
5.732267	2
3.792273	2
2.023426	2
5.160709	2
4.983903	2
7.739860	2
1.649645	2
0.549219	2
4.393962	2
2.560526	2
7.199672	2
0.757326	2
1.426277	2
8.063379	2
3.545370	2
0.158671	2
2.885719	2
1.544191	2
5.928341	2
5.714295	2
0.729310	2
7.782601	2
5.046021	2
3.322943	2
2.731474	2
1.031810	2
4.661451	2
3.633923	2
0.860086	2
5.765065	2
3.718028	2
1.541982	2
11.011185	2
1.496690	2
3.066906	2
6.054164	2
4.560051	2
0.718444	2
2.659895	2
1.702954	2
4.912631	2
0.819272	2
3.358786	2
5.354949	2
6.865548	2
4.905233	2
3.415123	2
2.286777	2
5.890204	2
5.418482	2
6.947518	2
3.786401	2
8.365954	2
1.350437	2
6.306317	2
2.965042	2
3.031269	2
5.709707	2
0.444626	2
6.186312	2
7.353673	2
1.246807	2
5.176586	2
6.629917	2
1.105072	2
7.633069	2
3.947229	2
3.339393	2
4.072745	2
7.142211	2
6.685696	2
6.496467	2
6.524542	2
2.211351	2
4.098698	2
