-0.42496,0.06995,-0.42982,-0.53828,-0.72091,-0.1593,0.15375,0.15361,0.039552,0.40201,-1
0.46381,0.31106,-0.65743,-0.7844,0.58087,-0.78863,0.70083,-0.89706,-0.40049,0.58717,1
0.89584,0.35242,0.72332,0.084345,-0.87434,0.68233,0.14233,0.40693,0.023705,0.66558,-1
-0.67308,-0.11178,-0.10101,-0.24857,0.98889,0.22845,0.76428,0.57457,0.52197,-0.3556,1
-0.010441,-0.36747,0.44709,0.14484,0.16673,-0.25347,-0.35971,0.45952,-0.033419,-0.10806,1
-0.98772,-0.78455,-0.42264,0.31342,-0.49414,0.71971,0.70612,0.34583,0.052871,-0.63658,-1
0.1247,0.70845,0.27778,0.41137,-0.2548,0.83697,-0.95166,0.15756,-0.10854,0.96191,-1
0.63149,0.58448,-0.40846,-0.1482,-0.40329,-0.70352,0.93867,0.81517,-0.47959,-0.59791,1
-0.612,0.89602,0.40539,-0.077685,-0.069524,0.30512,-0.75311,-0.29443,-0.81574,0.87276,-1
-0.97032,-0.89538,0.12048,-0.067243,0.17517,0.77078,-0.84336,-0.44972,-0.14509,0.86018,-1
0.11939,0.19273,0.035849,-0.34115,0.51617,-0.66626,0.85583,-0.053391,0.19475,-0.43183,1
0.42627,-0.13224,0.45208,-0.34538,-0.97149,0.46131,0.25088,0.98198,-0.070604,0.69504,-1
0.20265,0.037025,0.76688,0.39547,0.29065,0.19436,-0.69528,-0.70233,-0.14011,-0.12029,1
0.43955,0.94239,-0.98709,0.86951,-0.40366,-0.56627,-0.41338,0.85925,-0.92625,0.09631,-1
-0.57293,-0.65926,0.53106,-0.74461,-0.92583,-0.6569,-0.79479,0.96953,-0.022125,-0.43806,-1
-0.79786,0.17068,-0.92341,0.38755,-0.31204,-0.24542,0.7889,-0.43085,0.12655,0.85577,-1
0.39504,-0.38906,0.32642,-0.21855,0.45238,0.71647,-0.3698,-0.42673,-0.31065,-0.95829,1
-0.77799,-0.40792,0.038022,0.94752,0.046042,-0.059455,0.98809,-0.62432,0.19079,-0.45386,1
0.88493,0.80998,0.67935,-0.76031,0.74155,0.55389,0.27616,-0.66479,0.14647,0.45983,1
0.88526,-0.6243,0.95038,0.27125,0.46696,0.60456,-0.18569,-0.14647,0.51785,-0.96665,1
-0.24063,0.22567,-0.71001,0.20658,-0.13018,0.533,-0.60032,-0.21054,-0.65332,0.48406,-1
0.56215,-0.27101,-0.48831,-0.23488,0.17901,0.28496,-0.1232,-0.23398,-0.5522,-0.67516,1
0.85823,-0.75784,0.14732,-0.64043,-0.21718,0.35203,0.91888,-0.073391,0.31111,-0.74046,1
0.38561,0.30247,0.12386,0.58857,-0.50911,-0.37106,0.80067,0.054823,0.89625,-0.63891,1
0.4928,0.19558,0.58147,-0.21779,-0.93022,0.053377,-0.99004,-0.039228,0.18373,-0.45168,-1
-0.50788,0.07557,0.79711,0.90381,0.19064,-0.064711,-0.79456,0.91073,0.60521,0.32139,-1
0.4274,-0.38662,0.17048,-0.9287,-0.63799,0.99986,-0.63088,-0.12358,0.77627,0.30319,1
-0.97911,0.8807,-0.50656,0.73692,0.73985,0.6379,0.52646,-0.41533,0.72389,0.66406,-1
-0.57115,0.3989,0.30112,0.58951,-0.048213,0.16507,-0.76449,-0.94628,-0.91469,0.79457,-1
0.72371,-0.89074,-0.31197,0.47854,-0.3371,0.27102,-0.24478,0.049747,0.0226,0.17538,-1
0.62171,0.66639,0.082331,0.75483,-0.54555,-0.151,-0.10081,0.97393,-0.80502,-0.043767,-1
-0.87508,-0.094249,0.98406,0.87961,0.41046,-0.12577,-0.31698,0.71882,0.66008,0.40997,-1
0.60994,-0.16776,-0.26695,0.51448,-0.1729,0.27455,-0.02535,0.22816,0.76417,0.94891,-1
-0.9255,0.7953,-0.38927,-0.9084,-0.74613,0.90288,0.48596,-0.9642,-0.34846,-0.86747,-1
0.55647,0.45417,0.95742,0.35957,0.51346,0.49059,0.25918,0.85087,0.37182,-0.7622,1
0.47476,-0.20416,0.99609,-0.28362,0.090593,0.25134,-0.89603,0.51864,0.67612,-0.12772,1
-0.89746,0.63965,-0.45785,0.47382,0.79556,0.98176,0.95854,0.38535,0.50874,-0.79351,-1
-0.90834,0.77782,-0.94133,-0.31315,0.71456,0.41967,-0.90956,-0.91604,0.79492,0.39512,-1
-0.32429,-0.95313,0.45139,-0.51064,0.62135,-0.19008,0.24055,0.0077653,-0.42911,-0.72063,1
-0.79402,-0.5549,0.1709,-0.12262,0.18115,0.56689,-0.81067,0.070807,-0.53278,-0.16751,-1
-0.72158,-0.39248,-0.76605,0.4141,0.56686,0.77683,-0.76542,0.075358,0.49106,0.36825,-1
0.83119,-0.8081,-0.78048,0.36894,0.5157,0.7368,-0.90117,0.11042,-0.80876,-0.17357,-1
0.58179,0.81918,0.715,-0.59311,-0.75612,0.028734,0.93526,0.51721,0.66826,-0.25557,1
0.89219,0.68007,0.15891,-0.76806,-0.24639,0.090332,-0.024524,0.020119,0.99126,-0.30627,1
0.80328,0.3182,0.72251,0.052514,0.79877,0.164,0.9,0.017043,-0.60063,0.71859,1
-0.25285,-0.70527,-0.45082,-0.59895,0.34624,0.53478,0.65988,-0.16415,0.44964,-0.054104,1
-0.44793,-0.11759,-0.39386,0.0093788,-0.82334,0.82522,0.19267,0.57298,0.93296,-0.87531,-1
-0.46203,0.79415,-0.75173,0.29806,-0.53344,-0.49367,0.91799,0.21488,-0.24333,0.99671,-1
0.83943,0.81493,-0.24901,-0.99072,-0.32036,0.7383,-0.44989,-0.96494,0.44953,-0.94827,1
0.75232,0.4806,-0.27141,-0.75562,0.093563,-0.7617,-0.42559,-0.34233,0.52102,0.12392,1
-0.63956,-0.79173,-0.024572,-0.44362,-0.28519,-0.20362,0.58775,-0.030827,-0.47434,-0.33328,1
-0.28128,0.60779,-0.96794,-0.27447,0.41874,0.93177,0.65881,-0.061089,0.14624,0.68431,-1
-0.70433,-0.12373,-0.072933,0.50311,0.045999,0.23371,-0.81343,0.84424,0.25513,-0.86373,-1
0.49175,-0.58769,0.79933,0.26994,0.57823,0.91846,0.38591,0.083651,-0.35414,-0.046903,1
0.56085,-0.6673,-0.36948,0.18835,-0.81599,-0.76959,0.66372,0.23434,0.88334,-0.24988,1
-0.28312,-0.52462,0.35235,-0.18951,-0.62022,-0.65355,0.71804,-0.96794,-0.42917,-0.54831,1
0.3973,-0.85818,-0.045285,0.54546,0.11853,-0.8862,0.57506,-0.4654,-0.38944,0.18843,1
0.16564,-0.59133,-0.017481,-0.79475,-0.40986,0.33045,0.074751,0.58242,0.34468,-0.77154,1
-0.98275,0.89195,-0.52552,0.99945,0.29066,-0.86589,0.68609,-0.5162,-0.78297,-0.99538,-1
-0.23797,0.29412,-0.86971,-0.29599,0.093837,0.54785,-0.22721,0.62138,-0.728,-0.50629,-1
0.23044,-0.035527,0.82893,0.44635,-0.70941,0.59825,0.7878,0.59965,0.40095,0.39341,-1
-0.80844,-0.023147,0.23797,-0.48105,0.19609,-0.47514,-0.10248,0.72922,-0.67427,-0.50506,-1
-0.69457,0.7033,-0.058508,-0.89504,-0.23932,-0.66644,-0.42604,0.83508,-0.41851,-0.95358,-1
0.078945,0.012225,-0.32584,0.94126,0.55241,0.3006,0.32078,-0.54064,-0.55803,0.52749,-1
0.43714,-0.50185,-0.27567,-0.92859,-0.10969,0.32295,-0.6827,0.17313,0.41607,0.44851,1
0.17598,-0.96064,0.21039,0.84969,-0.85595,0.46902,0.32979,0.080413,-0.65233,-0.17243,-1
-0.11324,0.15065,-0.27848,0.74885,0.79459,0.42861,-0.77171,-0.39838,0.31261,-0.71797,-1
-0.7339,-0.76839,0.96664,0.49095,0.98247,-0.94233,-0.71105,0.55188,0.70772,-0.5577,1
0.62038,-0.093731,0.93073,0.76641,-0.79832,-0.10977,-0.79781,0.11014,0.20169,0.77776,-1
0.4051,0.59765,-0.66022,0.89307,-0.34347,-0.19233,0.71936,-0.67338,0.49431,0.21338,-1
0.95128,0.99109,-0.68081,0.16097,-0.57289,-0.77736,0.15259,0.21868,-0.040306,0.010652,-1
0.10467,0.098198,0.89707,-0.95856,0.75263,-0.92507,-0.36879,-0.3429,-0.221,0.42984,1
0.15255,0.81649,-0.97437,0.077086,-0.75922,0.4717,-0.76396,0.068865,0.66831,0.24183,-1
0.47554,-0.47668,-0.18469,0.6763,-0.27169,-0.030422,0.0061768,0.64401,0.58582,0.30714,-1
-0.64244,0.24538,0.28949,0.59439,0.8812,0.77326,0.018704,0.5931,-0.78668,-0.1189,-1
0.38958,0.58437,0.49254,0.4976,0.52911,-0.27884,0.81065,-0.73696,0.78032,-0.043829,1
-0.12999,0.60382,-0.69355,0.77187,-0.0052336,-0.46853,-0.30621,-0.7173,-0.18457,0.21548,-1
-0.77262,0.92204,-0.9061,-0.54889,0.59744,0.53362,-0.35575,0.37372,-0.73396,0.13284,-1
0.22507,0.62432,-0.061638,0.094736,0.16985,0.58746,0.25876,0.075476,0.55039,0.0063812,-1
-0.35341,0.65979,0.37917,0.158,0.98383,0.20841,0.56065,0.77724,-0.954,-0.89464,-1
0.070904,0.84395,-0.79321,-0.12552,-0.81727,-0.20899,0.13624,-0.47235,-0.2611,0.96486,-1
0.15535,0.73667,-0.082629,-0.58082,-0.72699,-0.26394,-0.4474,0.11565,0.11195,0.86851,-1
-0.9954,-0.95101,0.48896,-0.24682,0.94244,0.45139,0.23665,0.99413,-0.76336,0.43738,-1
0.49006,0.11476,-0.17269,-0.7021,0.50445,-0.15005,0.44995,0.42878,0.4811,-0.29198,1
0.17947,0.81877,-0.87587,0.19056,-0.60958,0.18468,-0.25007,0.77835,-0.47372,-0.74182,-1
0.32326,0.77778,0.47671,0.30067,0.85868,0.24026,-0.72064,-0.11594,0.73743,0.79233,-1
0.24641,0.022224,-0.3501,0.87004,0.3055,0.19769,0.3816,-0.80851,-0.4784,0.046353,-1
0.47832,0.55852,0.7055,-0.70843,0.051847,0.66634,-0.1512,0.50676,0.1648,0.9004,-1
0.20272,-0.20875,-0.37628,-0.27872,-0.87289,-0.37383,0.59115,0.23522,-0.88992,-0.45171,-1
0.81199,0.37681,-0.94755,0.3673,0.44748,0.86296,0.97785,0.39209,-0.016646,0.72032,-1
0.81722,-0.45236,-0.89684,0.041212,-0.52686,0.073692,0.79148,-0.27288,0.77269,-0.38901,1
-0.043695,-0.38414,-0.95954,0.44836,-0.27661,-0.93269,-0.91556,0.011639,0.56043,-0.31038,-1
0.87973,0.19015,-0.098505,0.84274,-0.89325,-0.6559,-0.83799,-0.51587,-0.34397,0.56671,-1
0.70671,0.013751,0.48059,-0.12931,0.98566,-0.62562,0.61013,-0.42304,0.49329,0.68872,1
-0.207,0.50858,-0.86943,-0.12095,-0.68276,-0.54187,-0.78538,-0.57347,0.67236,0.66166,-1
0.66856,0.096039,-0.19332,0.2435,-0.61685,-0.6063,0.38636,0.46392,-0.10807,-0.060455,-1
0.47995,0.68459,0.12297,0.64782,-0.95281,0.43166,0.84277,-0.71114,-0.08677,-0.64679,-1
-0.54027,0.72897,-0.25916,-0.68773,-0.55221,-0.45595,0.84437,0.2793,0.16211,-0.20976,1
-0.31164,0.85662,-0.039586,-0.84222,-0.31644,-0.050009,-0.076764,-0.35401,-0.49901,-0.85382,1
0.80169,-0.40276,0.85773,0.95119,-0.90015,-0.77603,-0.78716,0.12704,0.6665,0.73921,-1
-0.97803,-0.49666,-0.69476,-0.85211,0.93686,-0.79252,-0.64144,0.47541,-0.98397,-0.69543,-1
