0.84262,-0.011984,1
1.2384,0.60358,1
0.12557,0.4647,1
1.4461,-0.67625,1
-1.1443,0.024392,1
-1.0499,-1.5831,1
0.57729,-1.0665,1
-1.9128,-0.31504,1
0.44923,0.31159,1
1.4943,0.88054,1
-0.50039,2.0733,1
0.21495,-0.66446,1
-0.28119,-2.5028,1
-0.45958,1.5101,1
0.61037,0.85399,1
0.60194,1.0949,1
-0.48,0.86911,1
-0.19701,1.1242,1
-0.93774,-0.41811,1
-0.39807,-0.43797,1
-0.0081237,-0.13373,1
0.66776,-0.92623,1
-1.9137,-0.15715,1
1.9951,1.1163,1
1.6625,-0.070539,1
0.91153,0.64877,1
-0.42764,-0.067206,1
0.73004,-1.0819,1
0.94498,0.97259,1
1.3183,-0.48,1
-0.35078,-1.075,1
-0.17029,-1.0521,1
2.0079,0.52045,1
0.50068,-1.0595,1
-1.6638,1.148,1
0.6746,-0.013214,1
0.57169,-0.096247,1
0.7792,0.04794,1
0.002324,0.8558,1
0.78095,-0.94168,1
0.10763,-0.015986,1
1.1098,1.3454,1
0.31798,0.3843,1
0.24854,0.059649,1
0.10383,0.14837,1
-0.77693,-1.1093,1
2.319,-0.13159,1
0.32926,0.66755,1
0.31688,1.504,1
-0.33565,-0.43829,1
1.5871,1.1739,-1
1.6501,3.8149,-1
2.999,4.2634,-1
5.1199,0.017796,-1
3.7203,3.7326,-1
4.2782,4.319,-1
0.51886,4.1352,-1
2.5907,3.6246,-1
5.1646,2.632,-1
1.8899,4.7716,-1
3.2954,2.0887,-1
0.98992,3.9381,-1
0.42588,2.5978,-1
3.0222,2.5699,-1
2.491,2.2277,-1
6.3685,1.1871,-1
3.9032,4.8304,-1
2.5133,1.3913,-1
1.8586,1.7878,-1
3.3906,0.063479,-1
3.2079,1.4933,-1
5.5659,1.9793,-1
5.959,3.8081,-1
3.6791,2.24,-1
5.203,6.1019,-1
2.2144,4.2368,-1
4.6365,0.23694,-1
2.6266,5.4784,-1
0.1878,0.4399,-1
1.8177,3.7482,-1
4.7036,3.7396,-1
4.7081,4.8638,-1
3.8643,2.1392,-1
1.069,0.94047,-1
4.565,1.8681,-1
2.1973,2.8167,-1
3.3663,1.6169,-1
1.3563,2.6414,-1
3.8048,-1.4008,-1
4.4242,3.1568,-1
3.5574,1.2183,-1
3.6233,3.1156,-1
5.9961,0.58418,-1
2.8927,2.4363,-1
0.8714,3.9613,-1
3.888,4.5385,-1
6.1098,0.48742,-1
5.5157,1.5622,-1
7.0101,3.8311,-1
2.1772,2.1587,-1
