-1.3160,-0.62479,1.0818,1.5729,0.88185,-0.1234,0.43043,-1.1084,2.9889,0.035194,1
-0.77525,0.88267,-0.20861,1.1112,-0.65709,1.9916,1.2051,0.66908,-0.12104,-2.7346,1
-2.2775,0.052791,-1.8888,-4.2599,-0.44523,-2.0038,0.26508,0.08836,-1.3292,-1.9644,1
-1.4781,1.1491,0.12107,1.8742,1.0412,2.35,1.4558,1.7718,2.3006,-3.2459,1
-0.75993,-0.85008,-2.2927,-0.92024,-1.7776,0.96841,-1.4411,-3.3467,1.4429,-1.2892,1
-2.3351,-3.1986,-1.6225,-0.63923,-3.3595,-1.7694,-1.1246,1.2874,-2.0602,-2.1998,1
-0.16711,3.4929,0.031754,-0.39835,0.71612,0.92441,2.0324,0.9412,2.418,0.84021,1
1.1281,1.4865,0.51543,3.039,2.6175,0.35396,2.7287,2.5635,-0.1021,3.0705,1
-2.4846,-1.0009,-1.7199,-1.126,-1.8551,-2.0463,0.072687,-0.99739,-0.060612,0.11972,1
2.1463,-0.21499,-0.54312,0.8143,0.87458,2.7903,1.4112,1.0891,1.0621,-0.63129,1
-0.20492,1.0419,0.99192,-0.09884,2.9891,-2.1255,-0.77789,0.31527,1.9825,1.3186,1
-1.1281,0.53574,0.17545,-3.5985,-1.6905,-0.79221,-0.72285,-3.1752,-0.6528,-1.7905,1
-2.9616,-1.1117,-1.8574,-1.7894,-0.3729,-0.69072,-0.94221,-1.1069,-4.0239,0.81482,1
-0.61055,0.9613,1.2951,1.1922,1.3362,0.32908,2.89,-2.0139,0.091858,1.4868,1
0.42543,2.632,0.42238,2.7552,-0.57489,-0.97782,1.456,-0.43883,-0.74386,-0.56835,1
0.24202,-1.5273,0.063462,0.062824,0.16357,0.0956,-0.83769,-0.091283,-0.67576,-2.3679,1
3.7693,1.0891,1.3588,2.3325,2.2472,2.3904,3.9036,2.6488,3.1354,0.94294,1
1.2874,0.19539,1.5659,0.81502,-1.2765,1.3816,2.2742,1.3241,-1.2894,-1.3951,1
1.7573,1.8035,-0.23494,0.9128,0.26586,-0.99508,2.4389,-0.0011894,0.43137,-0.98982,1
-1.677,-0.4289,-2.2982,-2.0261,2.7139,1.019,-4.2179,-2.2239,1.0746,-1.8945,1
-1.0992,0.86121,0.93478,0.60678,0.10608,1.1321,0.69087,0.7423,0.82272,-0.31923,1
-0.99406,-0.41993,-0.34707,-2.1561,-0.33274,-2.4786,-2.9307,-2.3844,0.071991,-1.2969,1
-1.8619,-0.64541,0.17714,-0.87832,1.967,0.45545,-1.1186,-0.32631,0.41793,0.95958,1
-0.75412,-1.1386,-2.4393,-1.8787,-0.91412,-1.2786,-2.2177,-0.010245,3.0799,-1.7095,1
-1.3182,-0.6635,-1.0671,-2.4447,0.0093887,1.3667,-1.8669,-2.2201,0.3432,-1.7353,1
0.3094,1.4017,3.8091,3.1872,-0.6698,2.2708,1.0653,0.44267,3.517,1.1803,1
-2.0153,-0.93057,-1.7849,-5.2896,-3.575,-1.6017,-0.28516,-0.49819,-1.5376,-4.1203,1
0.79646,-0.45029,0.91291,1.502,0.054628,3.033,0.95706,2.5787,2.1048,-1.1972,1
-0.15892,-0.47541,2.1942,-2.7878,1.6868,-0.2396,0.81256,1.5237,3.2367,2.8004,1
2.8782,4.1319,1.6216,2.5684,1.306,2.9,1.0545,0.84492,4.4362,3.8495,1
3.0831,0.21549,2.9511,1.3808,1.5087,3.288,1.5967,1.5007,0.86592,2.1019,1
3.6455,0.78749,2.468,1.8617,1.3236,0.57489,0.65786,-2.1703,0.31692,-0.32748,1
2.7425,-0.20241,1.2457,0.19638,1.1194,-0.92305,-0.57062,-0.060274,-0.86147,-1.5875,1
-0.29989,1.153,-0.41592,-1.3642,-2.1752,-1.928,-0.56995,-0.63324,-0.50637,-0.68634,1
-0.51313,0.94656,-0.10519,0.2763,-0.412,-0.099505,-0.38432,-2.0379,-1.3634,-2.0505,1
-0.16939,0.18954,0.25266,-2.1234,1.8912,1.2096,0.40754,2.2556,-0.42785,-0.999,1
0.51926,1.086,0.6435,1.5848,1.4366,1.3139,1.0141,-0.34794,-1.5444,0.87751,1
-0.32055,1.7325,-0.70665,0.24162,-1.0115,-2.927,0.84906,-2.0615,0.51427,-1.7238,1
-3.7649,-1.894,1.9182,-1.0343,1.4611,0.76863,0.87401,2.278,-0.52431,-0.67546,1
1.433,-0.024602,-0.26735,0.94175,0.54203,2.3115,0.31946,1.0192,1.8471,0.87663,1
-2.9216,0.83457,-0.81304,-0.8464,-2.7594,-3.1291,-2.2887,-0.98254,-0.89661,-2.1002,1
0.74411,-1.0392,0.37905,-0.07845,-1.4984,1.5719,0.26918,0.29915,0.76421,3.1525,1
-1.1149,-2.7442,-1.9676,-2.8906,-2.814,0.93889,-2.1002,-1.7799,1.617,-1.8112,1
0.14746,1.1333,0.36778,0.667,-1.8822,-0.91346,-0.0035302,-0.35139,0.75361,0.78739,1
0.51154,-0.52213,-1.7441,-1.2833,-4.016,-0.87313,-1.6227,1.4197,0.34424,-2.7656,1
-1.2371,0.44144,-0.24637,-2.5885,-1.7604,-3.3537,1.9636,-0.66283,2.0143,1.4202,1
-1.7899,1.3597,-0.37652,-0.14411,-2.3528,0.31169,1.6942,-1.7331,-1.6736,-0.34294,1
0.73017,1.6564,1.9067,0.84924,0.53457,2.3607,-0.61258,1.0183,1.12,0.26916,1
3.9958,1.3094,3.1705,1.6582,2.8633,1.0693,2.6781,2.8082,3.7211,1.5348,1
1.9185,-3.3204,2.2109,-1.3373,-2.4948,0.81725,-0.018837,-0.15696,-1.6424,-1.8886,1
0.54351,1.0346,1.8581,2.6357,3.8081,2.044,3.9885,3.7757,0.54442,1.4855,-1
0.19557,1.4722,-0.76539,2.5762,2.0241,1.4325,-0.90494,-0.43635,3.2661,1.2453,-1
1.9945,1.1989,1.2074,3.6664,4.2036,3.1898,4.4186,5.5212,4.2136,1.2588,-1
1.1668,2.6477,1.9856,1.0085,2.0914,-0.94205,1.2591,2.2136,1.7008,0.37339,-1
0.67454,4.98,4.1656,4.2042,3.2248,3.2295,2.8527,3.6598,3.895,0.60819,-1
3.884,1.403,1.5425,3.008,1.2186,1.047,4.7775,3.9783,3.8646,3.5708,-1
2.7192,4.7687,0.3108,3.2249,0.13468,3.0804,3.7334,2.3608,5.1202,3.9794,-1
1.1712,1.5922,-0.24927,-0.91823,1.4206,0.21047,2.5429,2.1088,-1.3529,2.6775,-1
-0.49566,1.5452,3.1018,0.26196,1.1827,1.2224,-0.69016,1.0998,-0.40346,2.0377,-1
1.0481,1.2883,1.4365,1.4509,1.1842,-0.83706,0.083697,0.74176,1.0706,3.5395,-1
0.54868,2.2075,4.3873,4.6572,2.8267,4.2829,5.5827,7.2185,2.5803,4.2567,-1
1.1741,2.7089,-1.0814,-1.9176,0.12769,-0.80008,-0.76681,-0.31149,1.6218,-1.2491,-1
5.2387,3.7177,1.2606,4.795,3.3865,2.2129,2.1842,1.9788,3.4521,3.4401,-1
1.6557,1.1383,2.7941,3.9601,1.8433,0.76108,2.558,1.4553,2.7942,2.5076,-1
1.384,-0.63467,-0.20863,2.5858,0.011516,0.84771,1.9627,-0.076652,-1.4591,0.91252,-1
0.52678,-1.5057,-0.22187,1.6732,0.2179,0.95163,0.67746,2.8708,1.6047,1.803,-1
0.77779,1.3264,2.6462,1.4036,1.4394,1.6533,0.73222,0.080848,2.1073,1.7433,-1
-0.53223,1.3801,1.5639,-0.73277,2.3692,1.9584,1.3338,2.1961,-0.86587,-0.24353,-1
0.83268,3.5547,-0.23623,3.07,1.2765,3.6264,2.3715,1.8239,2.9694,0.20399,-1
3.5891,2.3973,3.7241,3.107,3.2071,3.4586,1.1213,2.8708,1.2209,3.0914,-1
3.7859,3.5295,2.6455,1.569,0.60447,2.5779,4.8592,2.9462,2.6961,3.6483,-1
1.6618,2.8493,1.8726,3.5266,1.9179,1.3733,5.039,1.4077,2.3105,2.8628,-1
1.743,2.0053,1.8152,-1.6758,0.53641,0.97794,0.069619,1.8798,-1.1577,0.36049,-1
0.9526,2.9207,3.0457,2.7003,2.531,0.91123,2.5731,2.9827,3.5929,2.0332,-1
4.1955,4.8197,4.735,2.3802,4.0066,1.5972,4.0263,3.5735,2.9081,2.3329,-1
1.1417,-1.1017,-1.066,-1.2599,-0.59664,0.69971,-2.5472,-0.1535,-2.3249,-0.23815,-1
2.2757,3.039,2.1445,2.7368,3.7123,3.204,3.5262,1.4056,2.9225,2.5968,-1
-0.16988,3.724,0.27826,1.4013,4.082,2.5137,1.5571,3.3571,4.3161,1.8844,-1
4.5141,4.3216,5.4182,5.4144,4.4581,2.1865,5.1346,4.8281,2.8762,4.6541,-1
1.7921,2.7796,2.3705,4.3043,0.21064,3.3999,3.0644,2.1028,0.76998,3.2327,-1
-0.48835,2.7072,2.4471,-0.48262,1.541,2.3704,1.3378,-0.13512,2.773,3.4378,-1
1.5116,2.6368,2.8651,5.4488,4.0798,2.6067,2.9252,3.2189,5.4353,5.1008,-1
3.8526,3.1722,4.4225,0.14073,1.225,2.8352,2.5166,4.1589,2.5165,5.7695,-1
-0.47422,1.8764,2.0479,1.5393,2.1611,4.0096,1.2762,-0.27023,2.6843,0.72558,-1
2.9739,2.8122,4.124,3.1789,4.6611,4.2768,1.9013,5.0177,2.1656,4.4979,-1
2.6137,1.7112,1.584,0.38419,0.82299,1.1291,2.2112,4.9553,0.057218,4.538,-1
4.6173,3.298,0.4225,2.9855,1.0841,2.547,0.1013,-0.025259,-0.13389,0.019363,-1
1.6203,3.5141,5.3211,2.1764,4.7945,3.9923,0.79389,2.9771,2.2929,0.26507,-1
0.93753,0.75752,1.6273,1.1174,-0.39841,1.0455,0.78996,1.0213,1.837,-0.91572,-1
0.32269,3.6924,3.0247,2.5979,2.454,2.0605,3.6697,1.373,1.2952,2.5583,-1
2.4121,2.5964,1.3877,0.76292,2.9388,3.4409,3.2463,3.7849,1.1328,1.7648,-1
1.7415,5.2246,3.2474,4.017,4.0048,1.4437,1.3056,1.334,2.7348,1.3,-1
2.5324,2.9118,1.8612,3.293,2.0861,3.2749,-0.033994,3.0201,3.9454,0.77631,-1
2.0424,1.7098,0.96339,2.32,0.37231,1.6541,-1.8377,2.4723,3.6009,-0.40128,-1
6.7389,2.7995,4.2289,3.5961,4.773,2.2916,5.4088,5.4032,2.2297,4.7312,-1
2.7137,1.4564,-1.9317,1.98,2.8424,3.5727,1.9374,2.7025,0.37451,1.0791,-1
0.33586,3.7303,-0.14625,5.1292,4.6762,3.5333,2.4861,1.5231,0.0028091,2.2177,-1
-2.2546,4.2731,-0.64408,0.66838,2.1088,0.43305,2.2936,3.6537,3.0778,3.1288,-1
2.1772,4.1878,4.2005,3.1716,2.2506,3.3426,2.0704,1.5973,5.0821,2.2786,-1
0.08893,0.59456,0.32971,-1.1968,-1.7688,2.3087,0.071417,2.8274,0.49086,0.79901,-1
