0.703,-1.276,1
-0.348,-1.173,1
-0.023,0.390,1
1.506,-1.281,1
0.023,-0.231,1
1.325,-0.639,1
1.094,0.892,1
0.104,0.601,1
0.705,-0.688,1
-0.163,-0.712,1
-0.892,0.305,1
-0.841,-2.605,1
-1.049,-1.265,1
-0.262,-0.463,1
-1.089,0.873,1
0.797,1.062,1
-1.142,-2.342,1
-0.134,0.302,1
0.587,-0.966,1
0.771,1.038,1
0.442,-0.196,1
-0.197,-0.184,1
-0.768,0.181,1
0.094,0.867,1
-0.007,-0.798,1
-1.192,-0.255,1
0.122,0.544,1
0.309,1.692,1
0.596,0.086,1
1.152,0.993,1
0.639,1.220,1
0.061,0.350,1
-0.761,-0.038,1
1.167,-0.829,1
0.828,0.786,1
-0.688,-0.111,1
0.182,-0.678,1
-0.513,-0.915,1
0.741,-0.057,1
1.642,0.698,1
0.928,-0.069,1
1.926,2.638,1
-0.051,0.559,1
1.631,0.220,1
-1.000,-1.115,1
-1.215,-1.101,1
-0.551,-0.616,1
-1.367,1.647,1
0.201,0.453,1
0.252,1.463,1
0.344,-1.485,1
-0.836,0.557,1
-0.195,0.344,1
1.714,0.505,1
0.399,-0.355,1
0.346,0.599,1
-1.449,-1.123,1
-0.810,0.022,1
-0.891,-0.380,1
-0.142,-0.494,1
-0.299,0.205,1
-0.174,1.122,1
0.723,0.976,1
0.979,0.886,1
0.149,1.095,1
1.047,-0.064,1
-1.086,2.231,1
1.404,-1.386,1
-0.857,-0.375,1
-1.105,-0.528,1
0.048,0.571,1
0.513,-0.379,1
-0.521,0.314,1
-0.582,-0.242,1
-1.705,-1.645,1
-0.286,-1.643,1
-0.309,0.365,1
0.585,1.322,1
1.562,0.277,1
0.442,2.009,1
0.939,0.062,1
0.058,0.253,1
0.627,0.786,1
-1.679,-0.419,1
-0.553,0.330,1
-0.934,-0.784,1
-0.407,0.318,1
-0.072,-1.486,1
-0.211,2.181,1
-1.054,-1.143,1
-0.577,0.574,1
-0.884,0.908,1
-0.856,1.394,1
1.572,0.730,1
-0.213,-1.106,1
-0.795,-0.985,1
-0.842,-0.470,1
0.242,1.267,1
0.365,-1.144,1
1.369,-0.335,1
-0.622,0.275,1
0.171,0.180,1
-2.206,-0.498,1
2.121,-0.126,1
1.127,1.527,1
0.182,-0.390,1
0.620,-0.166,1
1.763,-0.363,1
1.063,0.468,1
1.733,-1.033,1
-0.964,0.268,1
-1.179,-1.048,1
-1.243,-1.182,1
0.384,1.443,1
1.864,1.659,1
0.493,2.231,1
0.540,-0.143,1
-0.355,0.140,1
-1.432,-1.673,1
-0.356,0.009,1
0.564,0.201,1
-1.030,-1.897,1
0.152,-0.626,1
0.138,1.584,1
1.347,-1.388,1
0.874,0.441,1
0.696,0.545,1
1.419,0.339,1
-1.175,1.440,1
-0.480,0.673,1
0.799,-0.246,1
1.597,-0.101,1
-0.650,0.530,1
0.142,1.163,1
1.046,0.608,1
0.804,-0.826,1
-1.678,-0.627,1
-0.560,-0.306,1
0.172,0.298,1
0.738,1.250,1
0.820,0.457,1
-0.520,1.548,1
0.492,-0.127,1
-0.431,-1.267,1
0.260,-0.090,1
0.694,1.303,1
1.867,-1.743,1
-0.646,-0.492,1
0.417,1.118,1
0.812,-0.671,1
0.271,-0.898,1
0.542,0.450,1
0.598,0.010,1
-1.568,0.587,1
-0.595,0.732,1
-1.437,-1.517,1
-0.866,0.688,1
0.063,-2.631,1
0.609,1.348,1
1.005,0.948,1
-0.393,0.414,1
-0.055,-0.963,1
-1.907,1.348,1
-1.023,0.968,1
-0.767,-1.210,1
-0.490,-1.060,1
-1.100,-0.607,1
0.052,-0.677,1
1.796,-0.465,1
-0.105,0.353,1
-0.961,1.064,1
1.296,-0.573,1
0.336,-0.329,1
-1.274,-0.657,1
0.645,-1.092,1
-0.334,0.819,1
0.111,-0.021,1
-0.377,-1.078,1
0.275,1.456,1
1.586,0.617,1
0.445,0.688,1
-0.901,-0.471,1
0.025,-0.055,1
-0.590,2.399,1
0.243,-0.507,1
-0.807,0.829,1
0.348,-0.651,1
1.679,-1.312,1
-0.083,1.439,1
0.568,0.824,1
0.442,-0.512,1
1.127,-1.484,1
-0.999,2.626,1
0.608,1.913,1
-0.791,1.084,1
-0.615,-0.522,1
-1.543,0.493,1
0.574,0.636,1
0.464,1.753,1
0.686,0.413,1
0.079,2.530,-1
-0.062,0.384,-1
-0.102,0.832,-1
0.988,1.031,-1
1.232,1.726,-1
0.416,1.035,-1
1.216,0.474,-1
1.227,-0.683,-1
1.272,2.892,-1
-0.012,1.010,-1
1.110,0.055,-1
0.493,-1.755,-1
-0.707,1.446,-1
1.270,2.931,-1
2.522,0.316,-1
1.536,2.328,-1
1.248,1.105,-1
1.119,1.749,-1
0.048,1.401,-1
1.604,0.157,-1
-0.974,0.778,-1
2.717,-0.252,-1
-1.463,1.680,-1
3.909,0.508,-1
-0.458,1.756,-1
0.637,1.134,-1
0.285,-0.825,-1
0.123,2.205,-1
1.875,1.635,-1
2.889,0.375,-1
1.619,0.777,-1
0.631,0.129,-1
2.965,-0.431,-1
1.642,-0.261,-1
1.563,0.284,-1
-0.222,-0.525,-1
1.079,0.974,-1
0.811,2.220,-1
1.439,1.245,-1
1.273,1.405,-1
0.850,-0.195,-1
0.665,0.951,-1
2.310,1.178,-1
1.556,-1.021,-1
2.133,0.487,-1
0.177,2.399,-1
1.450,3.038,-1
0.447,1.158,-1
-1.229,0.720,-1
1.679,0.929,-1
-0.549,-1.216,-1
-0.115,1.489,-1
0.580,0.936,-1
0.740,2.211,-1
0.881,1.680,-1
-1.085,1.292,-1
0.461,1.021,-1
-0.262,1.852,-1
0.383,1.081,-1
0.977,-0.802,-1
0.884,1.860,-1
0.871,1.256,-1
0.526,0.948,-1
1.178,0.880,-1
1.068,2.002,-1
0.323,0.553,-1
1.622,2.003,-1
1.579,0.516,-1
0.680,0.823,-1
0.733,1.585,-1
1.626,-0.252,-1
0.884,-0.821,-1
-0.351,1.917,-1
1.102,1.226,-1
-0.125,0.556,-1
-0.822,4.183,-1
0.173,1.474,-1
0.754,1.554,-1
0.579,1.270,-1
1.356,2.648,-1
-0.484,0.149,-1
0.657,1.046,-1
0.084,0.384,-1
1.471,0.425,-1
0.385,0.963,-1
0.047,-0.365,-1
0.993,1.614,-1
0.583,2.033,-1
-0.697,0.590,-1
0.509,1.746,-1
1.859,0.127,-1
1.510,1.899,-1
1.130,0.338,-1
2.697,2.681,-1
0.096,1.417,-1
0.065,1.573,-1
-0.930,1.280,-1
1.027,0.665,-1
1.419,1.587,-1
1.134,3.175,-1
2.174,1.552,-1
1.024,2.124,-1
3.241,-0.881,-1
2.006,1.651,-1
0.347,1.935,-1
0.908,0.672,-1
-0.163,1.423,-1
1.644,2.716,-1
1.126,1.858,-1
0.673,1.216,-1
-1.682,0.419,-1
2.916,-0.045,-1
0.534,1.412,-1
0.149,2.946,-1
1.792,0.394,-1
1.248,0.252,-1
0.542,0.073,-1
-0.028,2.136,-1
1.232,1.046,-1
1.903,0.821,-1
0.378,0.726,-1
1.987,1.355,-1
-0.020,-1.991,-1
0.732,0.390,-1
0.078,1.268,-1
1.011,1.009,-1
-0.094,0.362,-1
1.298,1.188,-1
-0.097,0.126,-1
1.037,0.256,-1
-0.533,1.556,-1
1.747,0.084,-1
0.850,2.129,-1
1.271,0.538,-1
1.078,1.611,-1
1.286,-0.864,-1
0.923,2.040,-1
0.137,0.806,-1
1.089,0.510,-1
0.660,0.668,-1
-0.863,0.528,-1
1.378,1.454,-1
0.147,-0.871,-1
-0.655,0.709,-1
1.655,1.208,-1
0.118,2.808,-1
1.061,0.794,-1
0.332,2.130,-1
-0.179,0.991,-1
1.127,2.347,-1
2.866,2.178,-1
0.313,2.239,-1
1.260,0.124,-1
2.583,1.659,-1
-0.064,0.591,-1
0.574,1.598,-1
2.615,0.054,-1
0.881,0.568,-1
-0.284,0.844,-1
-0.788,-0.109,-1
0.937,1.300,-1
1.182,2.061,-1
1.635,0.931,-1
1.081,-0.009,-1
1.713,1.867,-1
1.146,1.049,-1
2.156,1.035,-1
2.235,2.337,-1
1.554,1.295,-1
0.601,1.963,-1
0.312,1.395,-1
1.192,0.523,-1
0.688,1.653,-1
0.365,1.432,-1
1.295,0.327,-1
-0.073,0.985,-1
0.080,1.153,-1
-0.446,2.060,-1
2.600,2.496,-1
3.343,1.268,-1
2.652,1.699,-1
1.406,2.345,-1
1.268,0.044,-1
2.316,0.966,-1
2.169,1.957,-1
1.678,-0.614,-1
1.652,0.132,-1
0.412,-0.167,-1
-1.462,2.215,-1
0.318,-0.619,-1
0.401,0.854,-1
1.488,1.057,-1
0.555,2.083,-1
2.910,1.168,-1
0.879,0.824,-1
0.233,0.318,-1
-0.866,0.918,-1
2.559,1.258,-1
0.254,-1.802,-1
2.912,-0.270,-1
